	div	mean.sim.div	Lon	Lat	envir
1	2.197224577	0.907556713	-109	27.3	80.09143831
2	2.708050201	1.401438559	-108	25.1	72.1923836
3	2.890371758	1.985421782	-106.9	24.1	56.44748392
4	2.944438979	2.423988608	-105.9	23.1	46.54114366
5	2.772588722	1.7618963	-99	23.3	64.85289493
6	2.63905733	1.667508489	-98	23.2	66.52831064
7	2.772588722	1.811898799	-99	22.3	62.24734536
8	2.63905733	1.804017236	-97.9	22.2	62.3472
9	2.995732274	2.884931883	-105.2	21.1	39.36473939
10	2.833213344	2.264437768	-99	21.3	50.07993676
11	2.944438979	2.085710235	-97.7	21.3	55.43062509
12	2.63905733	3.488707944	-90	20.9	30.46230104
13	2.708050201	3.570300794	-88.9	21.3	30.10952739
14	2.833213344	3.662096049	-88	21.4	29.63634079
15	2.772588722	3.535169487	-87.1	21.3	31.38915249
16	2.995732274	3.208825727	-105.1	20.2	34.63131857
17	3.091042453	3.129916739	-98	20.3	36.71271767
18	3.044522438	2.554088926	-97	20.2	45.2786217
19	2.772588722	3.497959439	-90	20.3	31.56398448
20	2.833213344	3.619120582	-89	20.3	30.39406128
21	2.890371758	3.837185881	-87.7	20.2	27.66118841
22	3.091042453	3.653596856	-104.8	19.4	28.28916697
23	3.135494216	3.816090981	-104	19.1	25.64215526
24	3.135494216	3.793227727	-103	19.3	26.58887398
25	3.044522438	3.656231395	-102	19.3	28.49336798
26	2.944438979	3.529686757	-101	19.3	30.29507044
27	3.295836866	3.63490477	-97	19.3	30.91354726
28	2.772588722	3.41725164	-90.9	19.1	32.86295857
29	2.890371758	3.520341182	-90	19.3	32.37716058
30	2.995732274	3.871485718	-89	19.3	27.95107782
31	2.944438979	4.031955433	-87.8	19.2	24.77214149
32	3.135494216	4.054504278	-102.9	18.3	20.5920674
33	3.17805383	4.168132327	-101.9	18	15.83998862
34	3.17805383	4.003246061	-101	18.3	22.37908536
35	3.17805383	3.85578553	-100	18.3	26.58956501
36	3.135494216	3.882278715	-99	18.3	25.99631099
37	3.433987204	3.524979974	-97	18.3	33.68373606
38	3.526360525	3.264241252	-95.8	18.4	37.63576842
39	3.610917913	3.322323686	-94.9	18.3	37.39183287
40	3.583518938	3.459050542	-93.8	18.2	35.97123652
41	3.526360525	3.562014564	-92.9	18.4	34.42124376
42	3.401197382	3.671082172	-91.9	18.4	32.58084331
43	3.258096538	3.586400108	-91.1	18.4	33.12555209
44	3.218875825	3.760345475	-90	18.3	30.74355252
45	3.17805383	3.981187479	-89	18.3	27.02215327
46	3.17805383	4.111410862	-88.1	18.3	24.31813113
47	3.17805383	4.218190057	-100.9	17.4	11.00083936
48	3.218875825	4.206222611	-99.9	17.1	15.87920489
49	3.663561646	3.694708287	-95	17.3	32.94536456
50	3.688879454	3.717807191	-94	17.3	33.04435541
51	3.761200116	3.874788674	-93	17.3	30.8180116
52	3.761200116	3.95483602	-92	17.3	30.01727414
53	3.610917913	3.922735861	-91	17.3	30.13751433
54	3.433987204	3.996600929	-90	17.3	28.22092721
55	3.465735903	4.087760794	-89	17.3	26.84801231
56	3.218875825	4.21125405	-97.9	16.2	17.74379159
57	3.583518938	4.239867074	-94.8	16.3	20.31565318
58	3.610917913	4.281439353	-93.9	16.1	19.02065254
59	3.713572067	4.199535549	-93	16.3	23.52378576
60	3.761200116	4.234447054	-91	16.3	23.2252584
61	3.688879454	4.190351094	-90	16.3	24.84884644
62	3.610917913	4.234887513	-88.7	16.1	24.11894013
63	3.555348061	4.366424281	-92.8	15.2	12.96251656
64	3.784189634	4.331065179	-89	15.3	21.25891671
65	3.784189634	4.30802454	-88	15.5	22.32311147
66	3.737669618	4.318074472	-87	15.3	22.79370669
67	3.761200116	4.351090156	-86	15.3	21.49663295
68	3.663561646	4.390009167	-85	15.3	18.4728341
69	3.555348061	4.39580234	-83.9	15.3	17.50348397
70	3.433987204	4.356703966	-91.7	14.3	8.619876347
71	3.610917913	4.394423612	-89	14.3	14.69235132
72	3.63758616	4.407391631	-85	14.3	14.67179301
73	3.583518938	4.403598204	-83.7	14.1	14.28014861
74	3.496507561	4.387028837	-87.6	13.2	11.41822484
75	3.688879454	4.413273052	-87.2	13.2	13.09104917
76	3.761200116	4.417621814	-86	13.3	14.52304761
77	3.737669618	4.421794703	-85	13.3	12.91898132
78	3.610917913	4.401094511	-83.8	13.2	11.89763076
79	3.555348061	4.402723109	-86.8	12.2	13.27745601
80	3.713572067	4.416850855	-86	12.3	12.11962593
81	3.784189634	4.423096999	-85	12.3	11.42565347
82	3.688879454	4.408057714	-83.8	12.3	10.74100999
83	3.912023005	4.325745025	-71.9	12.1	14.65607195
84	3.713572067	4.402148395	-85.9	11.2	9.272904949
85	3.931825633	4.422701858	-85	11.3	9.934917015
86	3.891820298	4.415355786	-83.8	11.3	10.11855971
87	4.007333185	4.274936845	-74.2	11	8.043379932
88	4.043051268	4.301346594	-73	11.3	10.5165962
89	4.043051268	4.291281718	-71.7	11.1	10.23482645
90	3.970291914	4.268672439	-71	11	10.24899268
91	3.951243719	4.271399741	-69.9	11.3	11.87379003
92	3.970291914	4.237820406	-69	11.2	9.008411089
93	3.931825633	4.421332128	-85	10	10.02596095
94	3.970291914	4.425383303	-83.8	10.4	9.089607768
95	4.007333185	4.257081571	-75.1	10.4	4.929228187
96	4.043051268	4.262950222	-74	10.3	7.062282197
97	4.043051268	4.25485381	-73	10.3	7.396916167
98	3.988984047	4.229659974	-71.7	10.4	7.297752564
99	4.043051268	4.226302344	-71	10.1	6.030047832
100	4.094344562	4.231049384	-70	10.3	6.899370564
101	4.094344562	4.222492501	-69	10.3	5.725992186
102	4.077537444	4.22419964	-68	10.4	6.873283972
103	4.060443011	4.24798249	-66.9	10.3	9.529624659
104	4.043051268	4.242488552	-66.1	10.3	9.205528982
105	4.007333185	4.200389022	-64.9	10.1	6.466264028
106	4.025351691	4.211792935	-64	10.3	7.418683787
107	3.931825633	4.404351947	-83.9	9.2	8.083459994
108	3.970291914	4.403855738	-83	9.1	7.886687619
109	3.912023005	4.367994908	-79.8	9.1	8.094862081
110	3.931825633	4.278815719	-78	9.1	4.18964738
111	3.931825633	4.225346869	-75.9	9.2	2.815177654
112	4.007333185	4.243824838	-75	9.3	5.225509682
113	4.077537444	4.256653866	-74	9.3	6.328229675
114	4.077537444	4.233105653	-73	9.3	5.202359991
115	4.077537444	4.240771688	-71.9	9.3	6.51100858
116	4.110873864	4.223887533	-71.1	9.3	4.377090775
117	4.077537444	4.214740082	-70	9.3	5.134811265
118	4.077537444	4.234079428	-69	9.3	7.61269202
119	4.025351691	4.260827852	-68	9.3	10.62577981
120	4.043051268	4.254033973	-67	9.3	9.697891818
121	4.025351691	4.227460759	-66	9.3	7.269765624
122	4.043051268	4.213378678	-65	9.3	6.108307609
123	4.060443011	4.21921536	-64	9.3	6.789323152
124	4.094344562	4.232942944	-63	9.3	7.524066709
125	4.094344562	4.225293482	-62	9.5	6.887277442
126	4.077537444	4.214819962	-61.1	9.2	6.163244935
127	3.80666249	4.385381603	-83.1	8.5	9.232824887
128	3.931825633	4.372705551	-81.8	8.1	7.152980614
129	3.951243719	4.358511143	-80.8	8	7.341633322
130	4.060443011	4.234576277	-77	8.4	1.568203988
131	4.007333185	4.21251959	-76	8.3	1.953974589
132	3.988984047	4.211254667	-75	8.3	3.838428557
133	4.060443011	4.220344978	-74	8.3	4.358432815
134	4.158883083	4.242732067	-72	8.3	5.864544815
135	4.127134385	4.210377807	-71	8.3	3.89716658
136	4.127134385	4.2336552	-70	8.3	5.487930436
137	4.060443011	4.246118767	-69	8.3	8.597763209
138	4.060443011	4.294012904	-68	8.3	13.17725586
139	4.094344562	4.263923669	-67	8.3	9.381570291
140	4.127134385	4.234801307	-66	8.3	6.872247419
141	4.143134726	4.237305712	-65	8.3	6.870865348
142	4.143134726	4.238172414	-64	8.3	7.940415633
143	4.143134726	4.259324488	-63	8.3	8.802482493
144	4.143134726	4.232171929	-61.8	8.4	6.851689111
145	4.060443011	4.221685625	-60	8.3	5.636848599
146	4.025351691	4.254845525	-77.7	7.2	3.447302431
147	4.077537444	4.240821143	-77	7.3	2.561222086
148	4.025351691	4.222903349	-76	7.3	3.128216762
149	4.025351691	4.219397885	-75	7.3	3.759304986
150	4.060443011	4.213717666	-74	7.3	2.667814321
151	4.158883083	4.221179065	-73	7.3	3.111286391
152	4.219507705	4.223039141	-72	7.3	3.407740645
153	4.158883083	4.260441654	-71	7.3	7.598007514
154	4.094344562	4.280413248	-70	7.3	10.04427339
155	4.077537444	4.299645785	-69	7.3	12.5698356
156	4.094344562	4.319075607	-68	7.3	13.93912256
157	4.189654742	4.294299458	-67	7.3	11.42755382
158	4.204692619	4.267102715	-66	7.3	8.026795078
159	4.189654742	4.237597633	-65	7.3	6.58736801
160	4.127134385	4.239249283	-64	7.3	6.937032002
161	4.094344562	4.236495744	-63	7.3	7.407108941
162	4.094344562	4.230554326	-62	7.3	6.823356653
163	4.110873864	4.23784413	-61	7.3	6.667009858
164	4.110873864	4.232845066	-60	7.3	6.110726233
165	4.060443011	4.223455596	-58.7	7.1	5.727028739
166	3.970291914	4.210865131	-77.2	6.2	1.756338419
167	4.094344562	4.227428843	-76	6.3	2.71618681
168	4.077537444	4.230680927	-75	6.3	3.213041377
169	4.127134385	4.224821179	-74	6.3	2.682326068
170	4.158883083	4.222267005	-73	6.3	3.090209806
171	4.158883083	4.264130453	-72	6.3	7.571402645
172	4.077537444	4.299338137	-71	6.3	11.99022953
173	4.17438727	4.329744417	-70	6.3	13.37765617
174	4.17438727	4.345145102	-69	6.3	14.35685355
175	4.204692619	4.368515265	-68	6.3	16.5750777
176	4.234106505	4.32549584	-67	6.3	13.11920887
177	4.189654742	4.246603183	-66	6.3	6.799861444
178	4.127134385	4.20979282	-65	6.3	4.675445378
179	4.077537444	4.206681794	-64	6.3	4.592175593
180	4.110873864	4.230824249	-63	6.3	5.301350835
181	4.127134385	4.224684603	-62	6.3	5.583466102
182	4.158883083	4.252783453	-61	6.3	5.893741068
183	4.127134385	4.239727421	-60	6.3	6.490104755
184	4.110873864	4.246810741	-58.7	6.5	6.233557804
185	4.110873864	4.246437339	-57.8	6.4	5.937449067
186	4.110873864	4.253012013	-57.1	6	6.222328476
187	3.988984047	4.212479742	-77.1	5.3	1.293171836
188	4.094344562	4.218998764	-76	5.3	1.748045992
189	4.158883083	4.217749425	-75	5.3	2.332662075
190	4.143134726	4.22503287	-74	5.3	3.163459575
191	4.17438727	4.286309551	-73	5.3	7.981013973
192	4.219507705	4.363068575	-72	5.3	14.87132953
193	4.127134385	4.350812558	-71	5.3	14.60614463
194	4.110873864	4.332498234	-70	5.3	14.1536891
195	4.127134385	4.312589969	-69	5.3	13.44572317
196	4.17438727	4.333057507	-68	5.3	13.61468136
197	4.143134726	4.273761634	-67	5.3	9.163375813
198	4.143134726	4.239381057	-66	5.3	6.006725381
199	4.143134726	4.210783737	-65	5.3	3.690028671
200	4.110873864	4.205577108	-64	5.3	3.897512097
201	4.110873864	4.227617399	-63	5.3	4.416998079
202	4.127134385	4.224646676	-62	5.3	4.319734824
203	4.143134726	4.237915114	-61	5.3	4.782210371
204	4.143134726	4.249263414	-60	5.3	5.658097942
205	4.143134726	4.262332435	-59	5.3	7.129312646
206	4.127134385	4.271633575	-58	5.3	8.118875566
207	4.143134726	4.282617056	-57.1	5.4	7.949744613
208	4.060443011	4.286768314	-56	5.3	8.314784147
209	4.043051268	4.289276075	-55	5.3	7.885132789
210	4.043051268	4.276777006	-52.9	5.1	4.846131161
211	4.127134385	4.213558423	-76	4.3	1.540044289
212	4.204692619	4.25008853	-75	4.3	4.031745755
213	4.234106505	4.383010116	-73	4.3	14.98189522
214	4.110873864	4.387992923	-72	4.3	17.35802099
215	4.143134726	4.348940101	-71	4.3	14.47415684
216	4.094344562	4.316286292	-70	4.3	12.43318332
217	4.077537444	4.2944097	-69	4.3	10.84742947
218	4.17438727	4.302674825	-68	4.3	9.950292556
219	4.158883083	4.293674299	-67	4.3	9.310393629
220	4.158883083	4.241413346	-66	4.3	5.275955278
221	4.158883083	4.21074511	-65	4.3	2.487799558
222	4.158883083	4.22440286	-64	4.3	3.444538289
223	4.143134726	4.225823685	-63	4.3	4.271707853
224	4.158883083	4.244599651	-62	4.3	5.271463547
225	4.17438727	4.262488024	-61	4.3	7.293260833
226	4.143134726	4.260817664	-60	4.3	6.70553509
227	4.158883083	4.263828245	-59	4.3	6.629693938
228	4.110873864	4.280899824	-58	4.3	7.674712461
229	4.060443011	4.287077461	-57	4.3	8.744953783
230	4.043051268	4.291228724	-56	4.3	9.116212637
231	4.060443011	4.291369647	-55	4.3	7.68265937
232	4.025351691	4.288080714	-54	4.3	5.962153588
233	4.043051268	4.286727089	-53	4.3	4.911088503
234	4.094344562	4.20708797	-77.2	3.3	1
235	4.219507705	4.222100386	-76	3.3	1.009156221
236	4.234106505	4.30564348	-74	3.3	8.176058759
237	4.143134726	4.36293842	-73	3.3	14.32575695
238	4.077537444	4.358078611	-72	3.3	15.26107358
239	4.110873864	4.325249909	-71	3.3	12.07349931
240	4.077537444	4.297595732	-70	3.3	10.24622853
241	4.077537444	4.275211964	-69	3.3	8.858629132
242	4.127134385	4.27445595	-68	3.3	8.146516989
243	4.143134726	4.271065888	-67	3.3	7.750380855
244	4.158883083	4.239132873	-66	3.3	5.356460921
245	4.158883083	4.218651371	-65	3.3	3.292164948
246	4.127134385	4.219816459	-64	3.3	3.085027039
247	4.17438727	4.242831628	-63	3.3	4.91316161
248	4.127134385	4.267293751	-62	3.3	6.571301433
249	4.110873864	4.294260632	-61	3.3	9.166485473
250	4.110873864	4.291873751	-60	3.3	9.274114262
251	4.094344562	4.27244944	-59	3.3	7.45703626
252	4.077537444	4.279589502	-58	3.3	7.263719063
253	4.077537444	4.286357102	-57	3.3	7.593343024
254	4.043051268	4.294704747	-56	3.3	7.983778115
255	4.043051268	4.298616782	-55	3.3	6.743542046
256	4.007333185	4.291400084	-54	3.3	5.500887352
257	4.007333185	4.293859508	-53	3.3	5.848823756
258	4.007333185	4.3117598	-52	3.3	6.707780956
259	3.931825633	4.337532458	-51.1	3.2	7.777158483
260	3.912023005	4.179700878	-78	2.5	1.182433387
261	4.077537444	4.226607187	-77	2.3	2.352183829
262	4.234106505	4.226797387	-76	2.3	1.275895947
263	4.234106505	4.274069034	-75	2.3	5.242440054
264	4.143134726	4.313825817	-74	2.3	9.46103938
265	4.094344562	4.345553038	-73	2.3	13.09174021
266	4.060443011	4.342260575	-72	2.3	13.24394079
267	4.077537444	4.315452009	-71	2.3	10.49569237
268	4.060443011	4.277346095	-70	2.3	8.422412936
269	4.060443011	4.262734013	-69	2.3	7.137777832
270	4.110873864	4.260231895	-68	2.3	6.25895336
271	4.158883083	4.246828142	-67	2.3	5.644104472
272	4.143134726	4.244533966	-66	2.3	4.633810485
273	4.143134726	4.227039044	-65	2.3	3.358158844
274	4.158883083	4.238016091	-64	2.3	3.133399528
275	4.143134726	4.24734755	-63	2.3	4.797413154
276	4.110873864	4.254111774	-62	2.3	6.400961168
277	4.094344562	4.282550351	-61	2.3	7.924349057
278	4.094344562	4.294467546	-60	2.3	8.267448212
279	4.077537444	4.281989951	-59	2.3	7.298961876
280	4.094344562	4.281032403	-58	2.3	6.787768322
281	4.077537444	4.278433158	-57	2.3	6.311990339
282	4.060443011	4.292145045	-56	2.3	6.52811171
283	4.060443011	4.290739648	-55	2.3	6.202806721
284	4.025351691	4.304223638	-54	2.3	6.229066072
285	4.007333185	4.314675674	-53	2.3	6.804698693
286	3.951243719	4.328273724	-52	2.3	8.06549307
287	3.931825633	4.35925869	-50.8	2.2	9.811394409
288	3.931825633	4.206902522	-79	1.3	2.102719993
289	4.025351691	4.208761223	-78	1.3	1.627460287
290	4.189654742	4.283687834	-76	1.3	5.072272547
291	4.143134726	4.311070329	-75	1.3	9.004264876
292	4.127134385	4.325876195	-74	1.3	9.950465315
293	4.060443011	4.321056569	-73	1.3	10.80769493
294	4.077537444	4.316950616	-72	1.3	10.42883468
295	4.043051268	4.283395306	-71	1.3	8.376977348
296	4.060443011	4.251679742	-70	1.3	6.592550776
297	4.025351691	4.251181463	-69	1.3	5.849687551
298	4.094344562	4.251734061	-68	1.3	4.810542829
299	4.143134726	4.23977061	-67	1.3	3.518651852
300	4.143134726	4.222389976	-66	1.3	2.699947474
301	4.17438727	4.231881282	-65	1.3	2.53565377
302	4.143134726	4.247614277	-64	1.3	3.550266729
303	4.077537444	4.241949235	-63	1.3	4.628973236
304	4.043051268	4.240108459	-62	1.3	5.511598404
305	4.043051268	4.27369648	-61	1.3	6.409426353
306	4.077537444	4.275643474	-60	1.3	6.611208736
307	4.094344562	4.294641094	-59	1.3	6.527593434
308	4.077537444	4.290058734	-58	1.3	6.392150464
309	4.025351691	4.299748999	-57	1.3	6.19520533
310	3.970291914	4.289240624	-56	1.3	6.499260976
311	3.951243719	4.295446221	-55	1.3	6.341704868
312	3.970291914	4.315464861	-54	1.3	6.830612526
313	3.951243719	4.322271319	-53	1.3	7.591442676
314	3.931825633	4.352028085	-52	1.3	8.653391571
315	3.891820298	4.362396776	-51	1.3	10.39601049
316	3.610917913	4.268387953	-80	0.2	7.71686563
317	3.891820298	4.236812833	-79	0.3	3.54387465
318	4.219507705	4.269844888	-77	0.3	4.061287525
319	4.127134385	4.300749222	-76	0.3	7.091823967
320	4.158883083	4.332931905	-75	0.3	9.22453246
321	4.110873864	4.323003233	-74	0.3	9.755247769
322	4.060443011	4.312462916	-73	0.3	9.322486751
323	4.060443011	4.292862317	-72	0.3	8.207673636
324	4.060443011	4.273932447	-71	0.3	6.758226551
325	4.025351691	4.252263555	-70	0.3	5.538376032
326	4.007333185	4.243558655	-69	0.3	5.102332594
327	4.043051268	4.247159749	-68	0.3	4.678900555
328	4.060443011	4.23302808	-67	0.3	3.917552129
329	4.094344562	4.232346953	-66	0.3	2.860786001
330	4.094344562	4.235949222	-65	0.3	2.83124423
331	4.043051268	4.22712275	-64	0.3	3.363168852
332	4.007333185	4.240010558	-63	0.3	3.865724462
333	4.007333185	4.240388438	-62	0.3	4.205368439
334	3.988984047	4.244353324	-61	0.3	4.804496268
335	4.007333185	4.258646404	-60	0.3	5.410707212
336	3.988984047	4.276069499	-59	0.3	6.059935119
337	3.951243719	4.282369145	-58	0.3	6.409426353
338	3.931825633	4.293252392	-57	0.3	6.577866271
339	3.931825633	4.296439579	-56	0.3	6.830612526
340	3.931825633	4.310505409	-55	0.3	6.997497614
341	3.951243719	4.324640529	-54	0.3	7.248170763
342	3.931825633	4.335942781	-53	0.3	7.598525791
343	3.912023005	4.345874664	-52	0.3	8.228404703
344	3.891820298	4.378179318	-50.9	0	9.896564541
345	3.663561646	4.307700248	-80.2	-0.6	10.08020724
346	3.912023005	4.252335962	-79	-0.7	4.797067636
347	4.143134726	4.270128867	-77	-0.7	5.024591094
348	4.077537444	4.294430486	-76	-0.7	6.710545098
349	4.094344562	4.316654986	-75	-0.7	8.556301075
350	4.110873864	4.314813646	-74	-0.7	8.661511239
351	4.077537444	4.295269631	-73	-0.7	7.744679811
352	4.043051268	4.273263498	-72	-0.7	6.622610823
353	4.043051268	4.262669478	-71	-0.7	5.519027036
354	4.060443011	4.258249476	-70	-0.7	4.784974514
355	4.043051268	4.258332261	-69	-0.7	4.437210869
356	4.043051268	4.25089509	-68	-0.7	4.309887567
357	4.043051268	4.244446859	-67	-0.7	3.923080413
358	4.007333185	4.226374259	-66	-0.7	2.909849525
359	4.007333185	4.220907844	-65	-0.7	2.351665553
360	4.007333185	4.231319448	-64	-0.7	2.387081125
361	4.007333185	4.22679659	-63	-0.7	2.595428346
362	4.007333185	4.23592634	-62	-0.7	2.788227267
363	4.007333185	4.254631956	-61	-0.7	3.587928167
364	3.988984047	4.26884046	-60	-0.7	4.716561993
365	3.988984047	4.275390621	-59	-0.7	5.834830286
366	3.951243719	4.295419984	-58	-0.7	6.647142585
367	3.951243719	4.315194906	-57	-0.7	7.198070685
368	3.951243719	4.311590328	-56	-0.7	7.439069336
369	3.931825633	4.325306692	-55	-0.7	7.574857823
370	3.970291914	4.337682711	-54	-0.7	7.624439624
371	3.931825633	4.334723151	-53	-0.7	7.439587612
372	3.912023005	4.354007127	-51.7	-0.9	6.90317126
373	3.891820298	4.364823644	-50	-0.7	6.580457654
374	3.912023005	4.393295917	-48.6	-0.9	8.44037986
375	3.891820298	4.370383618	-48	-0.8	5.482229392
376	3.891820298	4.383527182	-47	-0.9	5.145522316
377	3.465735903	4.39911133	-80.8	-1.9	18.84461123
378	3.912023005	4.270427124	-79	-1.7	5.35663368
379	4.110873864	4.289516443	-77	-1.7	5.196831707
380	4.077537444	4.294827741	-76	-1.7	6.061835467
381	4.043051268	4.296472677	-75	-1.7	7.146243018
382	4.094344562	4.309841569	-74	-1.7	7.055371842
383	4.043051268	4.280521666	-73	-1.7	6.318036901
384	4.025351691	4.270632084	-72	-1.7	5.489312507
385	4.007333185	4.26309303	-71	-1.7	4.661624666
386	4.043051268	4.256282139	-70	-1.7	3.976981187
387	4.043051268	4.272563438	-69	-1.7	3.815451625
388	4.025351691	4.248034355	-68	-1.7	3.445229324
389	4.007333185	4.236898777	-67	-1.7	2.870633257
390	4.007333185	4.235840382	-66	-1.7	2.054347504
391	4.007333185	4.220467314	-65	-1.7	1.526741855
392	4.007333185	4.224318289	-64	-1.7	1.43103343
393	4.007333185	4.223885186	-63	-1.7	1.591526438
394	4.007333185	4.238022274	-62	-1.7	2.006320532
395	3.988984047	4.257346298	-61	-1.7	3.140309884
396	3.970291914	4.281627216	-60	-1.7	4.884829152
397	3.970291914	4.300525869	-59	-1.7	6.09258655
398	3.951243719	4.307233632	-58	-1.7	7.162136836
399	3.951243719	4.326074805	-57	-1.7	7.993279854
400	3.951243719	4.343715466	-56	-1.7	8.180723249
401	3.931825633	4.337582211	-55	-1.7	8.00623677
402	3.931825633	4.357956396	-54	-1.7	8.321003467
403	3.912023005	4.351031052	-52.8	-1.6	6.907662991
404	3.912023005	4.356319127	-49.9	-1.8	4.123480725
405	3.912023005	4.36618952	-48.9	-1.7	3.884036904
406	3.891820298	4.367194925	-48.2	-1.6	4.195521182
407	3.891820298	4.380479087	-47	-1.7	4.453104687
408	3.784189634	4.381949621	-45.7	-1.5	4.193966352
409	3.688879454	4.358300485	-44.8	-1.9	3.212350341
410	3.970291914	4.285491903	-79	-2.7	5.469963511
411	4.219507705	4.311938139	-78	-2.7	4.583537648
412	4.127134385	4.28421157	-77	-2.7	4.017234008
413	4.060443011	4.2814971	-76	-2.7	4.487656465
414	4.060443011	4.302790147	-75	-2.7	5.848650997
415	4.025351691	4.292268999	-74	-2.7	5.469617993
416	4.025351691	4.277509037	-73	-2.7	4.973454462
417	4.007333185	4.264129056	-72	-2.7	4.741439274
418	4.007333185	4.254733641	-71	-2.7	4.110523808
419	4.025351691	4.263848551	-70	-2.7	3.602612673
420	4.007333185	4.256561475	-69	-2.7	3.441946905
421	3.988984047	4.249932969	-68	-2.7	3.00089346
422	3.988984047	4.24785782	-67	-2.7	2.298455815
423	3.988984047	4.238637547	-66	-2.7	1.677042089
424	3.988984047	4.229276285	-65	-2.7	1.137516076
425	4.007333185	4.232161107	-64	-2.7	1.110220172
426	3.988984047	4.25395581	-63	-2.7	1.360375044
427	3.988984047	4.258011659	-62	-2.7	1.772404996
428	3.970291914	4.273287449	-61	-2.7	3.199911701
429	3.970291914	4.304945813	-60	-2.7	5.122372625
430	3.970291914	4.313621847	-59	-2.7	6.337731414
431	3.951243719	4.331137104	-58	-2.7	7.412464467
432	3.951243719	4.346969019	-57	-2.7	8.308910345
433	3.951243719	4.347660215	-56	-2.7	7.761264665
434	3.951243719	4.349039279	-55	-2.7	7.495215975
435	3.931825633	4.350138475	-54	-2.7	6.52344722
436	3.912023005	4.358304819	-53	-2.7	6.268627858
437	3.850147602	4.358549947	-52	-2.7	6.390077358
438	3.850147602	4.349024613	-51	-2.5	4.961879617
439	3.891820298	4.357132858	-49.6	-2.6	4.24095677
440	3.891820298	4.36560191	-49.1	-2.6	4.009287099
441	3.891820298	4.381650263	-48	-2.7	3.992529487
442	3.891820298	4.382583679	-47	-2.7	4.191720487
443	3.761200116	4.377882052	-46	-2.7	4.696003686
444	3.663561646	4.376879895	-44.7	-2.8	4.522726519
445	3.526360525	4.386870607	-43	-2.7	6.912154722
446	3.526360525	4.390120917	-42	-2.9	7.261473197
447	3.583518938	4.410906881	-41.1	-3	9.240253519
448	3.555348061	4.399892219	-40	-3	7.893943492
449	3.135494216	4.303938997	-80.8	-3.9	22.7239121
450	3.63758616	4.296979915	-80.1	-3.6	8.242916449
451	3.931825633	4.240714105	-79	-3.7	2.862168072
452	4.158883083	4.282183648	-78	-3.7	2.666777768
453	4.094344562	4.257883531	-77	-3.7	2.078360989
454	4.007333185	4.255838373	-76	-3.7	3.276789407
455	4.060443011	4.293093719	-75	-3.7	5.296168068
456	4.025351691	4.284493089	-74	-3.7	4.44947675
457	3.988984047	4.280254033	-73	-3.7	4.420107739
458	3.988984047	4.273901096	-72	-3.7	4.477118172
459	4.025351691	4.280740727	-71	-3.7	4.013433312
460	4.025351691	4.270415748	-70	-3.7	3.751012559
461	3.988984047	4.27879097	-69	-3.7	3.430544819
462	4.007333185	4.268791557	-68	-3.7	2.920387818
463	3.988984047	4.259415062	-67	-3.7	2.367904888
464	3.988984047	4.253148359	-66	-3.7	1.821295761
465	3.970291914	4.247919663	-65	-3.7	1.531233586
466	3.951243719	4.237033657	-64	-3.7	1.382488182
467	3.951243719	4.254699844	-63	-3.7	1.697427638
468	3.951243719	4.255950501	-62	-3.7	1.765667399
469	3.951243719	4.283896648	-61	-3.7	3.029053159
470	3.951243719	4.305614375	-60	-3.7	4.772535874
471	3.951243719	4.326515699	-59	-3.7	5.946950806
472	3.931825633	4.33426555	-58	-3.7	6.656298807
473	3.931825633	4.346764596	-57	-3.7	7.216555886
474	3.931825633	4.346233187	-56	-3.7	7.166801326
475	3.931825633	4.351945962	-55	-3.7	6.416336709
476	3.891820298	4.349594077	-54	-3.7	5.755188438
477	3.850147602	4.346968075	-53	-3.7	5.450096239
478	3.828641396	4.343826036	-52	-3.7	5.307051878
479	3.828641396	4.356215602	-51	-3.7	5.240539706
480	3.850147602	4.37364342	-50	-3.7	5.430920002
481	3.871201011	4.376720276	-49	-3.7	4.996085877
482	3.871201011	4.385636794	-48	-3.7	4.247867126
483	3.850147602	4.394026264	-47	-3.7	4.612042865
484	3.713572067	4.400597965	-46	-3.7	6.582185243
485	3.63758616	4.399919472	-44.8	-3.5	8.724049957
486	3.526360525	4.411474177	-44	-3.7	10.70352131
487	3.526360525	4.413248095	-43	-3.7	11.49285668
488	3.526360525	4.410892302	-42	-3.7	11.30161259
489	3.583518938	4.415526778	-41	-3.7	10.30824898
490	3.555348061	4.398642645	-40	-3.7	8.17899566
491	3.555348061	4.391750131	-38.9	-3.6	7.171811333
492	3.091042453	3.564956021	-81	-4.8	35.09966792
493	3.583518938	4.368070798	-80	-4.7	12.61682602
494	3.912023005	4.247593569	-79	-4.7	2.206202568
495	4.143134726	4.294232813	-78	-4.7	3.055658028
496	4.077537444	4.259129852	-77	-4.7	1.780524664
497	4.025351691	4.265379572	-76	-4.7	2.158348355
498	4.060443011	4.284141183	-75	-4.7	3.44903002
499	4.043051268	4.284938715	-74	-4.7	4.02932713
500	4.007333185	4.283447414	-73	-4.7	4.332518982
501	4.007333185	4.299970443	-72	-4.7	4.385037684
502	3.988984047	4.292157396	-71	-4.7	4.208996376
503	4.007333185	4.298191816	-70	-4.7	4.022935051
504	3.970291914	4.297527249	-69	-4.7	3.542492579
505	3.988984047	4.290874506	-68	-4.7	3.220124491
506	3.951243719	4.283222015	-67	-4.7	2.751256865
507	3.951243719	4.268593422	-66	-4.7	2.089763076
508	3.931825633	4.273765858	-65	-4.7	1.646809283
509	3.931825633	4.267510902	-64	-4.7	1.579778834
510	3.931825633	4.27158134	-63	-4.7	1.657174816
511	3.912023005	4.266547776	-62	-4.7	1.782943288
512	3.912023005	4.290596199	-61	-4.7	2.809649369
513	3.912023005	4.305433144	-60	-4.7	3.935864571
514	3.912023005	4.324100731	-59	-4.7	4.863925326
515	3.891820298	4.324441584	-58	-4.7	5.427292065
516	3.871201011	4.340436942	-57	-4.7	5.896850728
517	3.891820298	4.34464107	-56	-4.7	5.946778047
518	3.891820298	4.336651353	-55	-4.7	5.249350409
519	3.850147602	4.335416992	-54	-4.7	4.598740431
520	3.80666249	4.338564418	-53	-4.7	4.086164805
521	3.784189634	4.334918135	-52	-4.7	3.745829792
522	3.761200116	4.353605608	-51	-4.7	4.181354953
523	3.761200116	4.377411319	-50	-4.7	5.60246958
524	3.784189634	4.389018002	-49	-4.7	6.167045631
525	3.80666249	4.386252291	-48	-4.7	4.985547585
526	3.713572067	4.391903433	-47	-4.7	5.322600178
527	3.610917913	4.399503956	-46	-4.7	7.907245927
528	3.610917913	4.418724562	-45	-4.7	12.35250492
529	3.526360525	4.417191185	-44	-4.7	14.77441179
530	3.526360525	4.420360157	-43	-4.7	15.65565489
531	3.583518938	4.425283393	-42	-4.7	13.92823875
532	3.555348061	4.41837015	-41	-4.7	11.51997983
533	3.555348061	4.406574807	-40	-4.7	9.316958466
534	3.555348061	4.400916184	-39	-4.7	7.592306471
535	3.555348061	4.402150251	-37.9	-4.7	7.927458717
536	3.583518938	4.410626673	-37	-5	9.935780809
537	2.564949357	2.483636487	-80.9	-5.8	42.08240948
538	3.295836866	4.165741816	-80	-5.7	27.74756785
539	3.850147602	4.288839415	-79	-5.7	5.309124985
540	4.127134385	4.316189492	-78	-5.7	4.073898924
541	4.127134385	4.291815766	-77	-5.7	2.669714669
542	4.043051268	4.280863901	-76	-5.7	2.320050676
543	4.043051268	4.291314002	-75	-5.7	2.978780322
544	4.025351691	4.296730459	-74	-5.7	4.001858467
545	4.007333185	4.309740299	-73	-5.7	4.500440622
546	3.988984047	4.305662024	-72	-5.7	4.515470646
547	3.970291914	4.312896017	-71	-5.7	4.236637798
548	3.951243719	4.30202684	-70	-5.7	4.037446798
549	3.912023005	4.304027045	-69	-5.7	3.9500308
550	3.912023005	4.302647962	-68	-5.7	3.770188796
551	3.912023005	4.298564595	-67	-5.7	3.295447367
552	3.912023005	4.301088966	-66	-5.7	2.546883098
553	3.912023005	4.289947813	-65	-5.7	1.981270493
554	3.912023005	4.290209841	-64	-5.7	1.84168131
555	3.912023005	4.289160672	-63	-5.7	1.871741357
556	3.912023005	4.295069966	-62	-5.7	2.103411028
557	3.912023005	4.304011806	-61	-5.7	2.711176802
558	3.912023005	4.310132211	-60	-5.7	3.247074878
559	3.912023005	4.33072899	-59	-5.7	3.864860667
560	3.871201011	4.333789692	-58	-5.7	4.317488958
561	3.850147602	4.342169383	-57	-5.7	4.497330962
562	3.850147602	4.340066569	-56	-5.7	4.507178219
563	3.80666249	4.338532241	-55	-5.7	4.192411522
564	3.784189634	4.337517797	-54	-5.7	3.585855061
565	3.713572067	4.333972821	-53	-5.7	2.952002694
566	3.713572067	4.338246237	-52	-5.7	2.753329971
567	3.688879454	4.349316923	-51	-5.7	3.529017386
568	3.713572067	4.377532374	-50	-5.7	5.517990483
569	3.688879454	4.392925076	-49	-5.7	6.321146561
570	3.63758616	4.373929124	-48	-5.7	4.899686416
571	3.496507561	4.366661031	-47	-5.7	5.491212855
572	3.555348061	4.400474957	-46	-5.7	8.820794935
573	3.496507561	4.414480898	-45	-5.7	13.58012959
574	3.496507561	4.412685612	-44	-5.7	16.09014349
575	3.526360525	4.412837133	-43	-5.7	16.216603
576	3.555348061	4.420342206	-42	-5.7	14.76249143
577	3.555348061	4.416151313	-41	-5.7	12.7496776
578	3.583518938	4.413672897	-40	-5.7	12.53666589
579	3.583518938	4.414272483	-39	-5.7	11.67408076
580	3.583518938	4.411166467	-38	-5.7	12.57018112
581	3.583518938	4.40139075	-37	-5.7	14.02273786
582	3.555348061	4.38371017	-36	-5.7	16.590626
583	4.060443011	4.292160687	-78	-6.7	3.412750653
584	4.143134726	4.323395728	-77	-6.7	3.754640496
585	4.077537444	4.310447279	-76	-6.7	3.332417769
586	4.060443011	4.29965926	-75	-6.7	3.141691955
587	4.060443011	4.329033246	-74	-6.7	4.303322729
588	4.025351691	4.333555993	-73	-6.7	5.170745114
589	3.970291914	4.341393225	-72	-6.7	5.28182908
590	3.970291914	4.328924842	-71	-6.7	4.854423587
591	3.912023005	4.318610014	-70	-6.7	4.626209094
592	3.891820298	4.326678003	-69	-6.7	5.004032786
593	3.891820298	4.32714502	-68	-6.7	4.948058906
594	3.912023005	4.332354334	-67	-6.7	4.248903679
595	3.912023005	4.327273521	-66	-6.7	3.320151888
596	3.912023005	4.318126798	-65	-6.7	2.594046275
597	3.912023005	4.31226794	-64	-6.7	2.709621972
598	3.912023005	4.318291627	-63	-6.7	3.061704589
599	3.912023005	4.31593348	-62	-6.7	2.707548865
600	3.912023005	4.324426504	-61	-6.7	2.605621121
601	3.912023005	4.325769153	-60	-6.7	2.883935692
602	3.891820298	4.332420913	-59	-6.7	2.99622897
603	3.828641396	4.330484188	-58	-6.7	3.104894312
604	3.80666249	4.328523731	-57	-6.7	3.46457832
605	3.784189634	4.340957783	-56	-6.7	4.180836677
606	3.761200116	4.345802693	-55	-6.7	4.143693515
607	3.713572067	4.33380956	-54	-6.7	3.198184112
608	3.663561646	4.327016782	-53	-6.7	2.318841364
609	3.63758616	4.322305476	-52	-6.7	2.075769606
610	3.63758616	4.337324993	-51	-6.7	3.163977852
611	3.63758616	4.372445521	-50	-6.7	5.152950949
612	3.583518938	4.376452914	-49	-6.7	5.732902541
613	3.526360525	4.37038515	-48	-6.7	6.125583498
614	3.465735903	4.385149002	-47	-6.7	7.209818289
615	3.465735903	4.402384007	-46	-6.7	9.92005975
616	3.401197382	4.408274067	-45	-6.7	13.97799331
617	3.401197382	4.401482316	-44	-6.7	16.87740575
618	3.555348061	4.412920182	-43	-6.7	17.28027949
619	3.583518938	4.410354427	-42	-6.7	14.30986314
620	3.583518938	4.410198065	-41	-6.7	14.21985576
621	3.583518938	4.405874393	-40	-6.7	15.55217231
622	3.583518938	4.39304939	-39	-6.7	16.13419701
623	3.583518938	4.398408447	-38	-6.7	16.31766695
624	3.583518938	4.388233869	-37	-6.7	16.19328055
625	3.583518938	4.367109447	-36	-6.7	19.01909771
626	3.583518938	4.379811357	-35	-6.8	16.69013512
627	4.110873864	4.316762263	-77	-7.7	2.485208174
628	4.094344562	4.304243165	-76	-7.7	1.957775284
629	4.043051268	4.317205153	-75	-7.7	2.662631554
630	4.077537444	4.355699536	-74	-7.7	5.237084528
631	4.043051268	4.357073128	-73	-7.7	6.228202278
632	3.988984047	4.366801258	-72	-7.7	6.389559081
633	3.970291914	4.362181812	-71	-7.7	6.384894591
634	3.951243719	4.372309606	-70	-7.7	6.693441968
635	3.912023005	4.376625519	-69	-7.7	7.372211645
636	3.891820298	4.374249114	-68	-7.7	7.167837879
637	3.912023005	4.370517539	-67	-7.7	5.970791532
638	3.912023005	4.350055859	-66	-7.7	4.681146421
639	3.912023005	4.341547326	-65	-7.7	3.790919863
640	3.912023005	4.346716741	-64	-7.7	3.73218184
641	3.912023005	4.34982125	-63	-7.7	3.986482926
642	3.912023005	4.336548453	-62	-7.7	3.273506988
643	3.912023005	4.34109761	-61	-7.7	2.821224215
644	3.871201011	4.329231647	-60	-7.7	2.718605434
645	3.828641396	4.336567386	-59	-7.7	2.727416138
646	3.784189634	4.340257698	-58	-7.7	2.695455743
647	3.761200116	4.344155379	-57	-7.7	3.868143086
648	3.737669618	4.361421004	-56	-7.7	5.282347357
649	3.737669618	4.364920349	-55	-7.7	5.406733758
650	3.688879454	4.358133247	-54	-7.7	3.917206611
651	3.663561646	4.331045851	-53	-7.7	2.585062813
652	3.663561646	4.343395107	-52	-7.7	2.267186456
653	3.663561646	4.355937737	-51	-7.7	3.096601885
654	3.63758616	4.361475006	-50	-7.7	4.860642907
655	3.555348061	4.382223012	-49	-7.7	6.229757108
656	3.496507561	4.400755948	-48	-7.7	8.195407755
657	3.433987204	4.397815017	-47	-7.7	9.626887914
658	3.36729583	4.398183813	-46	-7.7	11.33720092
659	3.33220451	4.396686729	-45	-7.7	14.01271785
660	3.433987204	4.405305918	-44	-7.7	14.87633954
661	3.496507561	4.406050722	-43	-7.7	14.26131789
662	3.583518938	4.408407491	-42	-7.7	14.51371863
663	3.583518938	4.401678824	-41	-7.7	16.31300246
664	3.610917913	4.374335151	-40	-7.7	20.01453443
665	3.63758616	4.324986992	-39	-7.7	23.36553862
666	3.63758616	4.273163327	-38	-7.7	25.50256608
667	3.663561646	4.348117907	-37	-7.7	21.09375922
668	3.63758616	4.343178807	-36	-7.7	20.65236025
669	3.63758616	4.382178395	-35	-7.8	16.94702759
670	4.060443011	4.330535951	-77	-8.7	4.086683082
671	4.110873864	4.311762203	-76	-8.7	1.492190077
672	4.110873864	4.327114728	-75	-8.7	1.533133934
673	4.043051268	4.364016635	-74	-8.7	5.145176799
674	4.060443011	4.37910878	-73	-8.7	6.410808424
675	3.988984047	4.384307904	-72	-8.7	7.162827871
676	3.988984047	4.401626802	-71	-8.7	7.955791175
677	3.970291914	4.405230689	-70	-8.7	9.073886709
678	3.931825633	4.42048397	-69	-8.7	10.54510141
679	3.912023005	4.41841663	-68	-8.7	9.756284323
680	3.891820298	4.389244709	-67	-8.7	7.868029659
681	3.912023005	4.378143149	-66	-8.7	6.180520824
682	3.871201011	4.370050902	-65	-8.7	5.246240749
683	3.891820298	4.363476683	-64	-8.7	4.933892677
684	3.912023005	4.37114869	-63	-8.7	4.750422736
685	3.891820298	4.355378533	-62	-8.7	3.915651781
686	3.891820298	4.356924491	-61	-8.7	3.472525229
687	3.871201011	4.356283543	-60	-8.7	3.310995667
688	3.761200116	4.346255444	-59	-8.7	3.144628856
689	3.761200116	4.347826736	-58	-8.7	3.446093119
690	3.737669618	4.364390273	-57	-8.7	4.836111145
691	3.713572067	4.387920245	-56	-8.7	7.028248696
692	3.688879454	4.390602635	-55	-8.7	7.434404846
693	3.663561646	4.362834181	-54	-8.7	4.51011512
694	3.63758616	4.350465723	-53	-8.7	2.947165445
695	3.63758616	4.354820595	-52	-8.7	2.838845622
696	3.526360525	4.354952683	-51	-8.7	3.670852434
697	3.526360525	4.365819507	-50	-8.7	4.501131658
698	3.465735903	4.373594334	-49	-8.7	5.923801114
699	3.433987204	4.389849727	-48	-8.7	8.046662351
700	3.433987204	4.400661197	-47	-8.7	9.79878301
701	3.36729583	4.402585851	-46	-8.7	11.78706507
702	3.36729583	4.401302458	-45	-8.7	13.50618878
703	3.433987204	4.409307183	-44	-8.7	13.17051826
704	3.496507561	4.411789552	-43	-8.7	12.88823023
705	3.583518938	4.417096456	-42	-8.7	14.65589919
706	3.610917913	4.390170265	-41	-8.7	18.5009938
707	3.63758616	4.295702803	-40	-8.7	24.53321595
708	3.663561646	4.20915377	-39	-8.7	28.22161824
709	3.663561646	4.14527523	-38	-8.7	29.86835598
710	3.663561646	4.275951968	-37	-8.7	25.20421148
711	3.663561646	4.341485241	-36	-8.7	20.46128892
712	3.663561646	4.388042244	-35.2	-8.8	15.23429596
713	4.110873864	4.371820175	-76	-9.7	5.160379581
714	4.143134726	4.358627209	-75	-9.7	3.501721481
715	4.127134385	4.382378396	-74	-9.7	5.188712039
716	4.060443011	4.394730043	-73	-9.7	6.639541194
717	4.043051268	4.411268318	-72	-9.7	7.864919999
718	3.988984047	4.418599806	-71	-9.7	9.152492003
719	3.988984047	4.433027074	-70	-9.7	10.34971111
720	3.970291914	4.436872788	-69	-9.7	11.56541542
721	3.951243719	4.442532229	-68	-9.7	11.44586626
722	3.951243719	4.416421482	-67	-9.7	9.178751355
723	3.912023005	4.405885076	-66	-9.7	7.425248624
724	3.931825633	4.395926245	-65	-9.7	6.627620831
725	3.912023005	4.390460077	-64	-9.7	5.858498254
726	3.850147602	4.377134471	-63	-9.7	5.257470077
727	3.828641396	4.372648487	-62	-9.7	4.850277374
728	3.784189634	4.371577611	-61	-9.7	4.572999356
729	3.737669618	4.358701621	-60	-9.7	4.476427137
730	3.688879454	4.355612864	-59	-9.7	4.382791819
731	3.63758616	4.351219071	-58	-9.7	4.301422382
732	3.63758616	4.369578313	-57	-9.7	5.407770311
733	3.610917913	4.381080008	-56	-9.7	7.47724905
734	3.583518938	4.380566368	-55	-9.7	6.91716473
735	3.555348061	4.357776271	-54	-9.7	4.366034206
736	3.526360525	4.347430082	-53	-9.7	3.594147487
737	3.496507561	4.353676734	-52	-9.7	4.035719209
738	3.526360525	4.370516793	-51	-9.7	5.072272547
739	3.465735903	4.381705999	-50	-9.7	6.266554751
740	3.465735903	4.393003187	-49	-9.7	8.297508258
741	3.433987204	4.408810669	-48	-9.7	9.798264733
742	3.465735903	4.41276658	-47	-9.7	10.76796038
743	3.465735903	4.415377851	-46	-9.7	12.5971315
744	3.401197382	4.402956845	-45	-9.7	14.020492
745	3.465735903	4.404136552	-44	-9.7	12.51576207
746	3.496507561	4.406472709	-43	-9.7	12.25748753
747	3.526360525	4.406539429	-42	-9.7	14.35357114
748	3.63758616	4.368056856	-41	-9.7	20.01280684
749	3.688879454	4.248149427	-40	-9.7	27.13755621
750	3.688879454	4.169071756	-39	-9.7	29.11754585
751	3.713572067	4.167338729	-38	-9.7	29.26197228
752	3.688879454	4.228281787	-37	-9.7	27.0401202
753	3.663561646	4.334382875	-35.9	-9.7	20.62800125
754	4.007333185	4.418057986	-76	-10.7	10.03459889
755	4.110873864	4.403893113	-75	-10.7	7.029803526
756	4.127134385	4.399778452	-74	-10.7	6.64489672
757	4.143134726	4.416397723	-73	-10.7	7.127066781
758	4.127134385	4.431861466	-72	-10.7	8.603982529
759	4.077537444	4.444188492	-71	-10.7	10.48860926
760	4.025351691	4.447863518	-70	-10.7	11.98625607
761	4.007333185	4.452378082	-69	-10.7	12.45080472
762	3.970291914	4.4529928	-68	-10.7	11.8886473
763	3.951243719	4.426729478	-67	-10.7	9.702038031
764	3.931825633	4.416958368	-66	-10.7	8.100908642
765	3.871201011	4.407078338	-65	-10.7	7.900681089
766	3.80666249	4.392327617	-64	-10.7	6.720737872
767	3.828641396	4.391477556	-63	-10.7	6.204879828
768	3.713572067	4.3802993	-62	-10.7	6.388868045
769	3.713572067	4.381186222	-61	-10.7	6.289013407
770	3.663561646	4.378294608	-60	-10.7	6.309571715
771	3.610917913	4.375716232	-59	-10.7	6.460390226
772	3.583518938	4.368497339	-58	-10.7	6.143723181
773	3.555348061	4.367555057	-57	-10.7	5.570336426
774	3.526360525	4.364459424	-56	-10.7	5.363889553
775	3.496507561	4.365909947	-55	-10.7	5.19786826
776	3.433987204	4.364186712	-54	-10.7	5.519718071
777	3.465735903	4.380934094	-53	-10.7	6.180175307
778	3.433987204	4.378660961	-52	-10.7	7.12257505
779	3.401197382	4.390890874	-51	-10.7	8.191952577
780	3.433987204	4.399346318	-50	-10.7	9.751274315
781	3.433987204	4.416532414	-49	-10.7	11.3473937
782	3.433987204	4.405993559	-48	-10.7	11.91179699
783	3.465735903	4.416006186	-47	-10.7	11.88260074
784	3.401197382	4.409985889	-46	-10.7	13.58859477
785	3.401197382	4.388947782	-45	-10.7	17.73739951
786	3.465735903	4.400446956	-44	-10.7	15.12217544
787	3.496507561	4.413297444	-43	-10.7	11.00550385
788	3.526360525	4.386073572	-42	-10.7	17.80028374
789	3.63758616	4.306319356	-41	-10.7	23.47143981
790	3.713572067	4.248998627	-40	-10.7	26.51959766
791	3.737669618	4.22348651	-39	-10.7	27.61229764
792	3.713572067	4.25552564	-38	-10.7	25.34570101
793	4.077537444	4.404878589	-75	-11.7	7.269074588
794	4.110873864	4.413576865	-74	-11.7	7.568984021
795	4.158883083	4.433232486	-73	-11.7	7.357354381
796	4.158883083	4.440967659	-72	-11.7	9.073886709
797	4.158883083	4.462812151	-71	-11.7	11.69135665
798	4.127134385	4.47305754	-70	-11.7	14.8823861
799	4.094344562	4.474701	-69	-11.7	14.909682
800	3.988984047	4.461709642	-68	-11.7	13.42326451
801	3.931825633	4.449341955	-67	-11.7	11.60912341
802	3.871201011	4.432451822	-66	-11.7	10.03494441
803	3.871201011	4.426457831	-65	-11.7	9.275323574
804	3.828641396	4.41824692	-64	-11.7	8.421203623
805	3.784189634	4.409725829	-63	-11.7	7.801863004
806	3.80666249	4.410182537	-62	-11.7	8.035433023
807	3.713572067	4.409266077	-61	-11.7	8.617284963
808	3.610917913	4.404630603	-60	-11.7	9.119149538
809	3.555348061	4.412588477	-59	-11.7	9.845255151
810	3.526360525	4.401071306	-58	-11.7	9.948392208
811	3.496507561	4.402823101	-57	-11.7	10.06137652
812	3.496507561	4.387352484	-56	-11.7	8.621085659
813	3.433987204	4.383300188	-55	-11.7	8.31599346
814	3.433987204	4.403234117	-54	-11.7	10.14810148
815	3.401197382	4.401411688	-53	-11.7	10.86798778
816	3.401197382	4.405808737	-52	-11.7	10.47893476
817	3.433987204	4.412027057	-51	-11.7	11.41943415
818	3.433987204	4.4165573	-50	-11.7	11.86169691
819	3.465735903	4.418380587	-49	-11.7	12.00405024
820	3.465735903	4.417136982	-48	-11.7	12.56517111
821	3.496507561	4.414183301	-47	-11.7	12.29428517
822	3.433987204	4.407523462	-46	-11.7	12.51524379
823	3.433987204	4.393585986	-45	-11.7	16.70153721
824	3.465735903	4.395324922	-44	-11.7	16.56177526
825	3.526360525	4.399076171	-43	-11.7	14.1818488
826	3.526360525	4.370914622	-42	-11.7	18.87899025
827	3.63758616	4.28006987	-41	-11.7	24.24781826
828	3.713572067	4.26287053	-40	-11.7	25.66945117
829	3.713572067	4.258192214	-39	-11.7	24.93401657
830	3.713572067	4.282941276	-37.8	-11.7	23.09741682
831	3.737669618	4.41771284	-75	-12.7	11.77739057
832	3.988984047	4.419843017	-74	-12.7	8.299754124
833	4.110873864	4.42600806	-73	-12.7	7.643443102
834	4.143134726	4.459558527	-72	-12.7	12.05138617
835	4.158883083	4.467332876	-71	-12.7	12.01026956
836	4.127134385	4.474992644	-70	-12.7	14.00252507
837	4.094344562	4.474121183	-69	-12.7	15.35419062
838	3.988984047	4.463861116	-68	-12.7	16.50286448
839	3.988984047	4.46761767	-67	-12.7	15.3576458
840	3.931825633	4.453615148	-66	-12.7	13.23288422
841	3.931825633	4.453024516	-65	-12.7	12.03894753
842	3.828641396	4.439530479	-64	-12.7	10.42935296
843	3.784189634	4.42928185	-63	-12.7	10.12823421
844	3.761200116	4.431687082	-62	-12.7	10.85917707
845	3.761200116	4.439704744	-61	-12.7	11.61396066
846	3.610917913	4.427485925	-60	-12.7	12.39223946
847	3.555348061	4.427087825	-59	-12.7	13.41099863
848	3.555348061	4.43072192	-58	-12.7	12.92226373
849	3.465735903	4.413434113	-57	-12.7	12.07609069
850	3.433987204	4.407011764	-56	-12.7	10.76692383
851	3.433987204	4.411399742	-55	-12.7	12.07626345
852	3.433987204	4.417806136	-54	-12.7	14.27375653
853	3.401197382	4.412920992	-53	-12.7	14.81276426
854	3.401197382	4.413722779	-52	-12.7	14.00546197
855	3.433987204	4.420289372	-51	-12.7	14.43286747
856	3.496507561	4.416999591	-50	-12.7	13.36452649
857	3.496507561	4.41602342	-49	-12.7	13.29922363
858	3.465735903	4.415281518	-48	-12.7	13.92979358
859	3.496507561	4.412299858	-47	-12.7	12.72808274
860	3.401197382	4.404919888	-46	-12.7	12.13396492
861	3.401197382	4.391392953	-45	-12.7	15.07345743
862	3.465735903	4.393497324	-44	-12.7	15.38217756
863	3.526360525	4.399281465	-43	-12.7	15.09988954
864	3.555348061	4.374027696	-42	-12.7	17.46685909
865	3.610917913	4.326143834	-41	-12.7	21.37552897
866	3.663561646	4.284251833	-40	-12.7	23.38644244
867	3.713572067	4.301882186	-38.8	-12.9	21.79671514
868	3.465735903	4.405063787	-74	-13.7	13.86570003
869	3.761200116	4.434324123	-73	-13.7	13.96054466
870	3.912023005	4.432960469	-72	-13.7	20.98958561
871	4.077537444	4.410044539	-71	-13.7	23.55142718
872	4.077537444	4.461699422	-70	-13.7	19.29067468
873	4.094344562	4.473309825	-69	-13.7	16.95981175
874	4.007333185	4.448746719	-68	-13.7	20.04943173
875	3.970291914	4.434665088	-67	-13.7	20.04476724
876	3.931825633	4.462278787	-66	-13.7	17.88510836
877	3.871201011	4.455176193	-65	-13.7	16.37346807
878	3.828641396	4.448262249	-64	-13.7	14.18392191
879	3.761200116	4.450233107	-63	-13.7	14.01790061
880	3.784189634	4.449447068	-62	-13.7	14.78633215
881	3.713572067	4.450191319	-61	-13.7	15.56495647
882	3.688879454	4.444639182	-60	-13.7	16.08824315
883	3.583518938	4.431806321	-59	-13.7	15.30599089
884	3.526360525	4.426717231	-58	-13.7	13.53780366
885	3.465735903	4.414073787	-57	-13.7	11.16323272
886	3.433987204	4.411653739	-56	-13.7	11.34912129
887	3.433987204	4.417838306	-55	-13.7	14.70738134
888	3.36729583	4.393882692	-54	-13.7	17.72081465
889	3.36729583	4.386722134	-53	-13.7	18.63142676
890	3.401197382	4.393514682	-52	-13.7	17.96803263
891	3.401197382	4.395818336	-51	-13.7	16.74299934
892	3.433987204	4.402480243	-50	-13.7	15.34157923
893	3.465735903	4.407432189	-49	-13.7	14.63724123
894	3.465735903	4.411748992	-48	-13.7	13.76221746
895	3.433987204	4.405181793	-47	-13.7	13.4065069
896	3.36729583	4.384568968	-46	-13.7	13.69173183
897	3.36729583	4.36215328	-45	-13.7	18.16532328
898	3.526360525	4.378346774	-44	-13.7	17.10268335
899	3.526360525	4.375985414	-43	-13.7	17.40224726
900	3.610917913	4.35225588	-42	-13.7	19.17751761
901	3.63758616	4.322437063	-41	-13.7	21.05765261
902	3.663561646	4.287686442	-40	-13.7	22.46581032
903	3.401197382	4.226375688	-72	-14.7	27.0867651
904	3.583518938	4.187714182	-71	-14.7	29.02166466
905	3.850147602	4.359734816	-70	-14.7	24.53891699
906	3.988984047	4.45711279	-69	-14.7	18.38990983
907	3.988984047	4.437413126	-68	-14.7	19.67299011
908	3.988984047	4.386362856	-67	-14.7	23.56196547
909	3.931825633	4.343788513	-66	-14.7	24.73603489
910	3.891820298	4.385551817	-65	-14.7	22.81409224
911	3.871201011	4.422910184	-64	-14.7	19.690266
912	3.784189634	4.42769748	-63	-14.7	18.66183233
913	3.784189634	4.425643892	-62	-14.7	19.44080216
914	3.737669618	4.404698501	-61	-14.7	20.38976674
915	3.713572067	4.393753231	-60	-14.7	20.78676667
916	3.610917913	4.404285408	-59	-14.7	19.45807805
917	3.555348061	4.400569781	-58	-14.7	18.87173438
918	3.526360525	4.407056413	-57	-14.7	18.13526323
919	3.526360525	4.408580051	-56	-14.7	17.74759228
920	3.465735903	4.381513315	-55	-14.7	19.54307542
921	3.433987204	4.306297151	-54	-14.7	23.08998819
922	3.433987204	4.303085256	-53	-14.7	23.65732838
923	3.465735903	4.340836353	-52	-14.7	21.19033144
924	3.465735903	4.381178239	-51	-14.7	18.40010261
925	3.401197382	4.39166201	-50	-14.7	16.61291189
926	3.433987204	4.393445646	-49	-14.7	16.4099202
927	3.465735903	4.401933545	-48	-14.7	15.68260527
928	3.433987204	4.37255433	-47	-14.7	16.99505456
929	3.401197382	4.361918297	-46	-14.7	17.74569193
930	3.433987204	4.331992958	-45	-14.7	20.17468192
931	3.526360525	4.330285657	-44	-14.7	19.9944944
932	3.555348061	4.334434349	-43	-14.7	19.68197357
933	3.63758616	4.280258626	-42	-14.7	23.10640028
934	3.63758616	4.25647688	-41	-14.7	24.05674693
935	3.663561646	4.251511783	-40	-14.7	23.66613908
936	3.663561646	4.297819202	-39.1	-14.7	21.00081493
937	3.091042453	4.327648296	-70	-15.7	20.62160917
938	3.688879454	4.395728834	-69	-15.7	21.20173352
939	3.891820298	4.440637242	-68	-15.7	18.25653997
940	3.912023005	4.391878431	-67	-15.7	21.87877561
941	3.912023005	4.255523498	-66	-15.7	27.4132794
942	3.912023005	4.251657315	-65	-15.7	27.55304134
943	3.871201011	4.303973754	-64	-15.7	25.61399556
944	3.80666249	4.325121865	-63	-15.7	24.20894751
945	3.688879454	4.307308266	-62	-15.7	24.36201189
946	3.63758616	4.252050889	-61	-15.7	25.86415044
947	3.610917913	4.243486003	-60	-15.7	25.64975665
948	3.583518938	4.269412388	-59	-15.7	25.0452733
949	3.496507561	4.211735094	-58	-15.7	26.49713901
950	3.496507561	4.223527118	-57	-15.7	26.13261775
951	3.465735903	4.266222618	-56	-15.7	24.1241229
952	3.465735903	4.252323167	-55	-15.7	25.05719366
953	3.496507561	4.120451488	-54	-15.7	28.57249155
954	3.526360525	4.166015714	-53	-15.7	27.54872237
955	3.496507561	4.331066226	-52	-15.7	21.54776958
956	3.433987204	4.359818566	-51	-15.7	18.72730795
957	3.496507561	4.393704136	-50	-15.7	16.87671472
958	3.496507561	4.387600742	-49	-15.7	16.58838013
959	3.465735903	4.355586947	-48	-15.7	18.48993723
960	3.433987204	4.300826015	-47	-15.7	21.54880613
961	3.433987204	4.252089672	-46	-15.7	23.63158731
962	3.496507561	4.243729438	-45	-15.7	24.11047495
963	3.526360525	4.295792401	-44	-15.7	21.619119
964	3.610917913	4.221118608	-43	-15.7	24.97357836
965	3.63758616	4.159836525	-42	-15.7	26.86926166
966	3.63758616	4.182693094	-41	-15.7	26.06282316
967	3.663561646	4.184840045	-40	-15.7	25.61244073
968	3.663561646	4.221515405	-39.1	-15.7	23.9530916
969	2.890371758	3.834997775	-69	-16.7	31.01893019
970	3.583518938	4.182794106	-68	-16.7	27.67932809
971	3.80666249	4.267307143	-67	-16.7	26.06714213
972	3.891820298	4.167198254	-66	-16.7	29.0496516
973	3.931825633	4.107891136	-65	-16.7	30.5780495
974	3.891820298	3.962381666	-64	-16.7	32.58619883
975	3.80666249	3.908140904	-63	-16.7	32.96523184
976	3.713572067	4.055533209	-62	-16.7	30.29973493
977	3.583518938	4.02322602	-61	-16.7	30.06374629
978	3.555348061	4.048992382	-60	-16.7	29.50366196
979	3.496507561	4.015219467	-59	-16.7	29.63305837
980	3.465735903	3.99403898	-58	-16.7	30.30042596
981	3.401197382	3.937075434	-57	-16.7	30.66615653
982	3.433987204	4.017130873	-56	-16.7	29.72254748
983	3.526360525	4.069536351	-55	-16.7	28.98244839
984	3.555348061	4.109671288	-54	-16.7	28.22921964
985	3.526360525	4.207060018	-53	-16.7	25.88937323
986	3.526360525	4.326762819	-52	-16.7	21.06300813
987	3.465735903	4.362992268	-51	-16.7	18.47387065
988	3.465735903	4.363941161	-50	-16.7	18.04542861
989	3.465735903	4.341899015	-49	-16.7	18.93219999
990	3.496507561	4.242004647	-48	-16.7	23.6450625
991	3.433987204	4.180449364	-47	-16.7	25.52675232
992	3.465735903	4.174279835	-46	-16.7	26.11482359
993	3.526360525	4.103932194	-45	-16.7	28.1234912
994	3.555348061	4.185960699	-44	-16.7	25.25811225
995	3.583518938	4.14006655	-43	-16.7	26.75247665
996	3.63758616	4.107471725	-42	-16.7	27.44800394
997	3.663561646	4.096745994	-41	-16.7	27.95729714
998	3.663561646	4.176896293	-40	-16.7	25.16240383
999	3.663561646	4.204157472	-39.2	-16.7	23.8560011
1000	3.044522438	2.799586973	-67	-17.7	41.75606794
1001	3.610917913	3.525177925	-66	-17.7	36.5024701
1002	3.688879454	3.839572794	-65	-17.7	33.07648856
1003	3.713572067	3.942412639	-64	-17.7	31.38258765
1004	3.663561646	3.409993603	-63	-17.7	37.56511003
1005	3.496507561	3.460641984	-62	-17.7	36.21983656
1006	3.36729583	3.643809094	-61	-17.7	33.81313247
1007	3.295836866	3.677191595	-60	-17.7	32.90545726
1008	3.218875825	3.715661476	-59	-17.7	32.27125938
1009	3.33220451	3.737620102	-58	-17.7	32.52849736
1010	3.401197382	3.695238936	-57	-17.7	33.38175352
1011	3.496507561	3.761839358	-56	-17.7	33.17513389
1012	3.465735903	3.907724127	-55	-17.7	30.98783359
1013	3.465735903	4.052521448	-54	-17.7	28.52342802
1014	3.496507561	4.197205773	-53	-17.7	25.13510792
1015	3.496507561	4.279033486	-52	-17.7	22.1767847
1016	3.433987204	4.310215664	-51	-17.7	20.0323286
1017	3.465735903	4.281461512	-50	-17.7	21.48143016
1018	3.465735903	4.198218138	-49	-17.7	24.79114497
1019	3.465735903	4.135405755	-48	-17.7	26.37102502
1020	3.433987204	4.171111964	-47	-17.7	25.26502261
1021	3.496507561	4.202340994	-46	-17.7	24.25092792
1022	3.555348061	4.037978616	-45	-17.7	28.75302459
1023	3.583518938	4.066547	-44	-17.7	28.10949773
1024	3.610917913	3.957395617	-43	-17.7	30.53917875
1025	3.610917913	3.984630073	-42	-17.7	29.68488604
1026	3.663561646	4.048318404	-41	-17.7	28.68167517
1027	3.663561646	4.099706568	-39.8	-17.9	26.81518812
1028	3.36729583	3.899384537	-65	-18.7	30.04474281
1029	3.433987204	3.657689485	-64	-18.7	33.32405205
1030	3.33220451	2.841617107	-63	-18.7	41.24003713
1031	3.135494216	2.865601703	-62	-18.7	40.4619311
1032	2.995732274	2.938012343	-61	-18.7	38.57747713
1033	3.091042453	3.105278552	-60	-18.7	37.33136726
1034	3.17805383	3.275557076	-59	-18.7	36.03394799
1035	3.218875825	3.368736977	-58	-18.7	35.31181584
1036	3.33220451	3.331018389	-57	-18.7	36.55170639
1037	3.433987204	3.492408418	-56	-18.7	35.35275969
1038	3.465735903	3.772159057	-55	-18.7	32.01954968
1039	3.465735903	3.963108742	-54	-18.7	29.18975906
1040	3.465735903	4.099792998	-53	-18.7	26.55190358
1041	3.433987204	4.116260747	-52	-18.7	26.1101591
1042	3.433987204	4.157811689	-51	-18.7	25.28419884
1043	3.433987204	4.135768115	-50	-18.7	25.59291898
1044	3.401197382	4.0485646	-49	-18.7	27.77831893
1045	3.465735903	4.151989513	-48	-18.7	25.12577894
1046	3.465735903	4.119068982	-47	-18.7	25.84912041
1047	3.526360525	4.073445202	-46	-18.7	27.08659234
1048	3.610917913	3.897622634	-45	-18.7	30.93669695
1049	3.610917913	3.812523986	-44	-18.7	32.75913048
1050	3.63758616	3.54307273	-43	-18.7	36.36789093
1051	3.663561646	3.95893047	-42	-18.7	29.98462271
1052	3.688879454	3.995104805	-41	-18.7	29.16073557
1053	3.688879454	3.989198629	-39.9	-18.7	28.9874584
1054	2.708050201	2.5836363	-64	-19.7	40.95826739
1055	2.708050201	2.153460162	-63	-19.7	46.16124687
1056	2.564949357	2.102631885	-62	-19.7	46.49121634
1057	2.302585093	2.011084507	-61	-19.7	45.47418476
1058	2.397895273	2.299017322	-60	-19.7	42.67566351
1059	2.944438979	2.73508887	-59	-19.7	40.309385
1060	3.091042453	2.819882057	-58	-19.7	40.2715508
1061	3.135494216	2.854033146	-57	-19.7	39.69522714
1062	3.33220451	3.202920976	-56	-19.7	37.34104175
1063	3.33220451	3.748977737	-55	-19.7	30.93997937
1064	3.36729583	3.911981438	-54	-19.7	28.89399584
1065	3.433987204	3.842860298	-53	-19.7	30.43345031
1066	3.433987204	3.749547928	-52	-19.7	31.89689086
1067	3.496507561	3.699654125	-51	-19.7	32.66514965
1068	3.496507561	3.878872822	-50	-19.7	30.4061544
1069	3.496507561	3.938970273	-49	-19.7	29.1097717
1070	3.555348061	4.090467597	-48	-19.7	26.39158333
1071	3.555348061	3.944143249	-47	-19.7	29.504353
1072	3.555348061	3.584137444	-46	-19.7	34.70335903
1073	3.583518938	3.731388183	-45	-19.7	32.92877971
1074	3.63758616	3.869053948	-44	-19.7	31.10893757
1075	3.663561646	3.648818761	-43	-19.7	34.4832642
1076	3.663561646	3.750920228	-42	-19.7	32.89094551
1077	3.713572067	3.876009459	-41	-19.7	31.14435314
1078	3.688879454	3.863229566	-40.1	-19.8	30.74441631
1079	2.564949357	1.796547895	-64	-20.7	49.60104912
1080	2.302585093	1.322069468	-63	-20.7	55.52115075
1081	1.945910149	1.06414165	-62	-20.7	56.19145524
1082	1.791759469	1.284979368	-61	-20.7	52.90679047
1083	1.791759469	1.461819628	-60	-20.7	49.31392384
1084	1.791759469	1.594417558	-59	-20.7	46.82688687
1085	2.772588722	2.207560648	-58	-20.7	45.25288062
1086	3.091042453	2.61189085	-57	-20.7	42.18036377
1087	3.17805383	2.824271219	-56	-20.7	40.18206169
1088	3.33220451	3.529454114	-55	-20.7	32.93188937
1089	3.36729583	3.665023839	-54	-20.7	31.71877645
1090	3.36729583	3.439710633	-53	-20.7	34.72098043
1091	3.465735903	3.173822303	-52	-20.7	38.17425788
1092	3.433987204	3.115754071	-51	-20.7	39.4125936
1093	3.401197382	3.441647716	-50	-20.7	35.28555648
1094	3.496507561	3.78053252	-49	-20.7	31.28912509
1095	3.526360525	3.857404057	-48	-20.7	30.05545386
1096	3.555348061	3.618960718	-47	-20.7	33.85511288
1097	3.555348061	3.341769909	-46	-20.7	37.55595381
1098	3.555348061	3.550833381	-45	-20.7	34.69817626
1099	3.688879454	3.751418586	-44	-20.7	32.59017229
1100	3.663561646	3.474097975	-43	-20.7	36.6209827
1101	3.663561646	3.460604601	-42	-20.7	36.48951319
1102	3.688879454	3.694301824	-40.8	-20.8	33.04349161
1103	2.48490665	1.32518654	-64	-21.7	55.79981084
1104	2.197224577	1.000043049	-63	-21.7	62.63190665
1105	1.791759469	0.61889467	-62	-21.7	61.79022534
1106	1.609437912	0.794927106	-61	-21.7	58.49173986
1107	1.791759469	1.049840225	-60	-21.7	55.2742783
1108	2.079441542	1.388896496	-59	-21.7	52.52533884
1109	2.708050201	1.826921615	-58	-21.7	50.3566965
1110	2.833213344	2.135125284	-57	-21.7	46.74258053
1111	3.044522438	2.519757353	-56	-21.7	42.76117916
1112	3.17805383	2.759441122	-55	-21.7	40.7468105
1113	3.33220451	3.052503478	-54	-21.7	37.97904033
1114	3.36729583	3.022589462	-53	-21.7	38.53860638
1115	3.433987204	2.986188948	-52	-21.7	39.89130848
1116	3.465735903	2.867065732	-51	-21.7	42.019698
1117	3.465735903	2.886390057	-50	-21.7	41.71184166
1118	3.496507561	3.310209342	-49	-21.7	36.89083209
1119	3.526360525	3.424179837	-48	-21.7	35.73196546
1120	3.555348061	3.395422154	-47	-21.7	36.37981129
1121	3.555348061	3.198110329	-46	-21.7	38.52772257
1122	3.583518938	3.201123474	-45	-21.7	39.03286956
1123	3.688879454	3.542179881	-44	-21.7	34.91809833
1124	3.688879454	3.405262065	-43	-21.7	36.67782038
1125	3.663561646	3.386984273	-41.8	-21.9	36.76713672
1126	3.663561646	3.758851376	-41.1	-21.6	31.68750709
1127	2.48490665	1.288896516	-65	-22.7	54.90457427
1128	2.48490665	0.796923428	-64	-22.7	66.22079982
1129	2.079441542	0.557273739	-63	-22.7	67.85803582
1130	1.609437912	0.459295035	-62	-22.7	66.81180798
1131	1.609437912	0.549307576	-61	-22.7	63.18024336
1132	1.945910149	0.779607305	-60	-22.7	59.89488756
1133	2.302585093	1.164582082	-59	-22.7	56.96800645
1134	2.63905733	1.498263833	-58	-22.7	54.28851607
1135	2.708050201	1.696253854	-57	-22.7	50.83800277
1136	2.995732274	2.214259047	-56	-22.7	46.10959196
1137	3.17805383	2.362744558	-55	-22.7	45.75422692
1138	3.218875825	2.542348721	-54	-22.7	43.53116553
1139	3.36729583	2.689024696	-53	-22.7	42.39354824
1140	3.33220451	2.716917327	-52	-22.7	42.15894167
1141	3.465735903	2.712185669	-51	-22.7	42.81577097
1142	3.465735903	2.687452901	-50	-22.7	43.92350097
1143	3.465735903	3.143806726	-49	-22.7	37.66531019
1144	3.526360525	3.094522146	-48	-22.7	39.15138216
1145	3.526360525	3.199052522	-47	-22.7	37.64837982
1146	3.583518938	3.027085594	-46	-22.7	40.85150239
1147	3.583518938	3.106134712	-44.7	-22.9	39.6458181
1148	3.663561646	3.356976722	-44	-22.9	36.64171377
1149	3.688879454	3.484293138	-43	-22.8	35.19986808
1150	3.688879454	3.514641452	-42	-22.5	35.09517619
1151	2.48490665	0.913522679	-65	-23.7	61.98907082
1152	2.302585093	0.578773931	-64	-23.7	70.5064296
1153	1.386294361	0.255582016	-63	-23.7	71.520006
1154	1.386294361	0.363312654	-62	-23.7	68.12840348
1155	1.386294361	0.391685136	-61	-23.7	66.37317316
1156	2.079441542	0.778513432	-60	-23.7	63.32518807
1157	2.079441542	0.872499491	-59	-23.7	60.42836701
1158	2.63905733	1.278377185	-58	-23.7	57.32613563
1159	2.772588722	1.528133893	-57	-23.7	54.83598899
1160	2.833213344	1.765780038	-56	-23.7	51.88474888
1161	2.995732274	1.870171854	-55	-23.7	50.49628568
1162	3.091042453	2.037471145	-54	-23.7	49.08501831
1163	3.17805383	2.270923458	-53	-23.7	46.46875769
1164	3.258096538	2.362231795	-52	-23.7	46.50451878
1165	3.401197382	2.558930945	-51	-23.7	44.3351854
1166	3.433987204	2.560658114	-50	-23.7	44.94070531
1167	3.433987204	2.62369702	-49	-23.7	43.59715943
1168	3.526360525	2.819223584	-48	-23.7	42.10348606
1169	3.555348061	3.099038469	-46.8	-23.9	38.63638791
1170	3.555348061	3.03743153	-45.8	-23.7	39.65929329
1171	2.079441542	0.505404742	-65	-24.7	68.48065886
1172	1.791759469	0.250706049	-64	-24.7	73.531265
1173	0.693147181	0.164475602	-63	-24.7	73.74755913
1174	0.693147181	0.12923083	-62	-24.7	70.85643911
1175	0.693147181	0.117482573	-61	-24.7	67.92627558
1176	1.791759469	0.428042909	-60	-24.7	65.63618374
1177	2.079441542	0.688290341	-59	-24.7	63.44542826
1178	2.397895273	0.990482538	-58	-24.7	60.05538057
1179	2.708050201	1.232418473	-57	-24.7	58.83155659
1180	2.772588722	1.41745845	-56	-24.7	56.35177549
1181	2.772588722	1.47290605	-55	-24.7	55.51614074
1182	2.890371758	1.605832278	-54	-24.7	52.9083453
1183	3.044522438	1.920748138	-53	-24.7	50.05557776
1184	3.135494216	2.222888669	-52	-24.7	46.85401001
1185	3.135494216	2.161292303	-51	-24.7	48.1101399
1186	3.33220451	2.337070681	-50	-24.7	47.11988594
1187	3.36729583	2.230603879	-49	-24.7	49.39978501
1188	3.465735903	2.411710086	-47.9	-24.8	47.80746633
1189	1.791759469	0.377057234	-65	-25.7	68.84068838
1190	1.386294361	0.180216505	-64	-25.7	76.16704738
1191	0	0.100858348	-63	-25.7	74.78134832
1192	0	0.077361834	-62	-25.7	72.03189059
1193	0.693147181	0.183096149	-61	-25.7	69.27327664
1194	1.386294361	0.308564013	-60	-25.7	66.85499771
1195	1.791759469	0.500528775	-59	-25.7	64.81281487
1196	2.48490665	0.802009947	-58	-25.7	62.6455546
1197	2.708050201	1.106389891	-57	-25.7	60.57642138
1198	2.708050201	1.217079546	-56	-25.7	59.11678152
1199	2.772588722	1.136070672	-55	-25.7	59.94740626
1200	2.833213344	1.311275891	-54	-25.7	58.75260578
1201	2.944438979	1.548772035	-53	-25.7	55.4755424
1202	3.091042453	1.918418541	-52	-25.7	51.03546618
1203	3.091042453	1.94484292	-51	-25.7	50.86322557
1204	3.135494216	2.031982876	-50	-25.7	50.055405
1205	1.609437912	0.375060911	-66	-26.7	66.56078932
1206	1.609437912	0.260457983	-65	-26.7	76.67979576
1207	0	0.035244772	-64	-26.7	80.31740694
1208	0	0.046993029	-63	-26.7	76.64057949
1209	0	0.058741286	-62	-26.7	74.25184233
1210	0.693147181	0.178220182	-61	-26.7	71.73439979
1211	1.386294361	0.245830081	-60	-26.7	69.6650938
1212	2.079441542	0.414298329	-59	-26.7	68.02371159
1213	2.197224577	0.563935478	-58	-26.7	66.11075241
1214	2.397895273	0.788284494	-57	-26.7	64.1457928
1215	2.564949357	0.972072542	-56	-26.7	62.52237751
1216	2.63905733	0.915308451	-55	-26.7	62.37967867
1217	2.708050201	1.053889241	-54	-26.7	61.20422718
1218	2.708050201	1.245801507	-53	-26.7	57.75371388
1219	3.044522438	1.695257647	-52	-26.7	53.4164292
1220	3.044522438	1.773767544	-51	-26.7	53.42748576
1221	3.091042453	1.819289081	-50	-26.7	52.58753204
1222	3.091042453	1.906565181	-48.8	-26.7	51.09593179
1223	1.609437912	0.117482573	-66	-27.7	84.38190534
1224	1.386294361	0.131227153	-65	-27.7	85.7444547
1225	0	0.070489544	-64	-27.7	84.15040843
1226	0	0.035244772	-63	-27.7	79.73140879
1227	0	0.058741286	-62	-27.7	77.37480477
1228	0.693147181	0.105734316	-61	-27.7	75.74948914
1229	1.386294361	0.245830081	-60	-27.7	72.89464849
1230	2.079441542	0.354444042	-59	-27.7	71.13527196
1231	2.079441542	0.393681459	-58	-27.7	69.1965717
1232	2.197224577	0.449332549	-57	-27.7	67.28516734
1233	2.48490665	0.702245472	-56	-27.7	65.5615519
1234	2.48490665	0.77651711	-55	-27.7	64.28399991
1235	2.564949357	0.797344531	-54	-27.7	63.75242081
1236	2.564949357	1.10289772	-53	-27.7	60.54169684
1237	2.833213344	1.283599446	-52	-27.7	56.69470189
1238	2.944438979	1.613488766	-51	-27.7	53.50315416
1239	2.995732274	1.839105409	-50	-27.7	50.97845574
1240	2.995732274	1.917329862	-48.8	-27.7	49.92393548
1241	0	0.035244772	-66	-28.7	91.4802226
1242	0	0.053865319	-65	-28.7	87.48206361
1243	0	0.065613576	-64	-28.7	84.32316732
1244	0	0.058741286	-63	-28.7	81.26049772
1245	0	0.035244772	-62	-28.7	79.01635974
1246	0.693147181	0.089110091	-61	-28.7	77.3734227
1247	0.693147181	0.138099443	-60	-28.7	74.82332873
1248	1.791759469	0.227209534	-59	-28.7	73.13426507
1249	2.079441542	0.29282311	-58	-28.7	73.68467489
1250	2.197224577	0.363312654	-57	-28.7	71.66598726
1251	2.197224577	0.526904934	-56	-28.7	69.31542981
1252	2.48490665	0.665004377	-55	-28.7	66.05218714
1253	2.564949357	0.805792041	-54	-28.7	62.9312978
1254	2.564949357	1.005531542	-53	-28.7	60.95009886
1255	2.564949357	1.148010353	-52	-28.7	57.32579011
1256	2.890371758	1.555696557	-51	-28.7	52.25272532
1257	2.944438979	1.70411529	-49.8	-28.9	50.2634067
1258	0	0.023496515	-67	-29.7	97.46372674
1259	0	0.011748257	-66	-29.7	94.4020937
1260	0	0.035244772	-65	-29.7	85.97456954
1261	0	0.046993029	-64	-29.7	79.30279398
1262	0	0.065613576	-63	-29.7	81.23838458
1263	0	0.046993029	-62	-29.7	80.14706668
1264	0.693147181	0.077361834	-61	-29.7	78.85189328
1265	0.693147181	0.140979088	-60	-29.7	76.94791756
1266	1.098612289	0.140979088	-59	-29.7	76.16497427
1267	1.386294361	0.220337244	-58	-29.7	76.49235237
1268	1.791759469	0.274202563	-57	-29.7	75.46322766
1269	1.945910149	0.283954498	-56	-29.7	72.48952889
1270	2.197224577	0.554394094	-55	-29.7	68.73495994
1271	2.397895273	0.638628218	-54	-29.7	66.41480805
1272	2.48490665	0.704241794	-53	-29.7	65.07851804
1273	2.48490665	0.901984973	-52	-29.7	61.65167271
1274	2.48490665	1.119044472	-50.9	-30.1	56.21736907
1275	2.63905733	1.376460215	-50.1	-29.7	53.22449407
1276	0	0.046993029	-67	-30.7	97.81287246
1277	0	0.023496515	-66	-30.7	90.92307518
1278	0	0.053865319	-65	-30.7	80.49673067
1279	0	0.035244772	-64	-30.7	76.42532192
1280	0	0.089110091	-63	-30.7	81.22784629
1281	0	0.065613576	-62	-30.7	81.36518961
1282	0.693147181	0.093986058	-61	-30.7	80.07139828
1283	0.693147181	0.077361834	-60	-30.7	77.86267588
1284	1.098612289	0.147851378	-59	-30.7	77.90500181
1285	1.098612289	0.208588987	-58	-30.7	78.34225456
1286	1.098612289	0.1498477	-57	-30.7	78.1584391
1287	1.098612289	0.159599635	-56	-30.7	75.1987338
1288	1.609437912	0.33294385	-55	-30.7	71.72731667
1289	1.609437912	0.33294385	-54	-30.7	68.78609657
1290	1.791759469	0.407426039	-53	-30.7	68.53473239
1291	1.945910149	0.544221057	-51.7	-30.9	64.14631107
1292	0	0.046993029	-67	-31.7	100
1293	0	0.035244772	-66	-31.7	88.87277268
1294	0	0.023496515	-65	-31.7	79.76561505
1295	0	0.046993029	-64	-31.7	80.42037124
1296	0	0.046993029	-63	-31.7	84.57176736
1297	0	0.072485866	-62	-31.7	84.06662036
1298	0.693147181	0.089110091	-61	-31.7	80.89148473
1299	0.693147181	0.112606606	-60	-31.7	79.57920821
1300	1.098612289	0.077361834	-59	-31.7	79.86754279
1301	1.098612289	0.072485866	-58	-31.7	80.17781776
1302	1.098612289	0.124354863	-57	-31.7	80.5508042
1303	1.098612289	0.147851378	-56	-31.7	77.92866977
1304	1.098612289	0.100858348	-55	-31.7	75.08125775
1305	1.098612289	0.185092472	-54	-31.7	71.49875666
1306	1.386294361	0.267330273	-53	-31.7	67.88792311
1307	1.609437912	0.410305683	-51.9	-31.7	65.8229361
1308	0	0.023496515	-67	-32.7	97.03666677
1309	0	0.023496515	-66	-32.7	83.24446081
1310	0	0.070489544	-65	-32.7	83.37834895
1311	0	0.046993029	-64	-32.7	85.30478333
1312	0	0.058741286	-63	-32.7	88.13111876
1313	0	0.023496515	-62	-32.7	85.71508569
1314	0.693147181	0.117482573	-61	-32.7	82.76108144
1315	0.693147181	0.035244772	-60	-32.7	80.5100331
1316	0.693147181	0.093986058	-58.8	-32.9	81.6186269
1317	1.098612289	0.13610312	-57	-32.7	81.72988362
1318	1.098612289	0.107730638	-56	-32.7	79.83800102
1319	1.098612289	0.1498477	-55	-32.7	76.27640375
1320	1.098612289	0.154723668	-54	-32.7	72.77354451
1321	1.098612289	0.274202563	-52.8	-32.8	68.19560669
1322	0	0.023496515	-66	-33.7	95.50360438
1323	0	0.046993029	-65	-33.7	92.57775982
1324	0	0.046993029	-64	-33.7	90.45489859
1325	0	0.070489544	-63	-33.7	90.41585508
1326	0	0.046993029	-62	-33.7	88.21490682
1327	0	0.035244772	-61	-33.7	85.7541292
1328	0.693147181	0.093986058	-60	-33.7	82.36390875
1329	0.693147181	0.100858348	-58.6	-33.8	79.87376211
1330	0.693147181	0.065613576	-58.2	-33.9	80.64288469
1331	0.693147181	0.082237801	-57	-33.7	80.85762399
1332	0.693147181	0.124354863	-56	-33.7	79.46259596
1333	0.693147181	0.058741286	-55	-33.7	74.08547551
1334	0	0.077361834	-53.7	-33.9	70.39880081
1343	0	0.070489544	-57.9	-34.7	80.92499996
1344	0	0.023496515	-57	-34.8	79.1602679
1345	0	0.058741286	-55.9	-34.7	76.03108613
1346	0	0.035244772	-54.9	-34.7	70.13862592