"r" "dlk" "km"
"411478" 0.296573404419037 0.006 2723.44021949559
"265380" 0.433921037295709 0 3966.80964307994
"406463" 0.344390564697578 0.001 3156.31549930733
"67918" 0.590492126752733 0 5384.20360299593
"325965" 0.166167916930811 0.199 1542.91608220621
"435448" 0.293413479811081 0.006 2694.83431230902
"515285" 0.191255289777064 0.118 1770.02500037082
"288636" 0.417231408984441 0 3815.72314017783
"105231" 0.37463995094704 0 3430.15467044577
"848291" 0.108126180953572 0.504 1017.48059930527
"119228" 0.25265023239057 0.024 2325.8161182046
"318906" 0.288982032656355 0.008 2654.71766975018
"282844" 0.30884178989267 0.004 2834.50245664647
"260097" 0.111454403866767 0.483 1047.61006363215
"477728" 0.156403152323668 0.239 1454.51841937993
"434653" 0.434387434691893 0 3971.031807303
"543736" 0.365048250333718 0 3343.32370719583
"683111" 0.090586337568848 0.619 858.697338886024
"682297" 0.15518433621192 0.244 1443.48482051419
"796835" 0.16595378586727 0.2 1540.97761401808
"402321" 0.402310515668829 0 3680.64849686123
"99978" 0.589672727030665 0 5376.78580817286
"324287" 0.253129707194999 0.024 2330.15666852003
"186572" 0.307766652168346 0.004 2824.76953774159
"266923" 0.351153395354938 0.001 3217.53749986259
"571913" 0.359806969965265 0.001 3295.87587271863
"856987" 0.12010973840253 0.43 1125.96436859731
"323091" 0.3248154032842 0.002 2979.10707821297
"143868" 0.158730918160802 0.229 1475.59102766983
"203223" 0.303331954919199 0.005 2784.62347299365
"322611" 0.193930675201314 0.111 1794.24451084322
"38512" 0.292923172497469 0.007 2690.39569833995
"706932" 0.189753351373398 0.122 1756.42837516431
"580280" 0.278054254745372 0.011 2555.79157515606
"634872" 0.34676870071076 0.001 3177.84409460951
"120922" 0.47876862300123 0 4372.80220094144
"425744" 0.116859273733329 0.45 1096.5388277454
"104618" 0.598208510851473 0 5454.0578541982
"431416" 0.356430385553225 0.001 3265.30860536825
"541476" 0.330603782560718 0.002 3031.50764496314
"637912" 0.291434245325436 0.007 2676.91686014759
"772030" 0.163505892283747 0.209 1518.81752308536
"106985" 0.276820530643446 0.011 2544.62301845548
"163262" 0.148011244106453 0.277 1378.54883865784
"164860" 0.33387138563202 0.001 3061.08833494064
"494742" 0.322616202035479 0.002 2959.19832891969
"833458" 0.0324105870136029 0.94 332.048659768179
"195230" 0.469721190175057 0 4290.89834062447
"216611" 0.116948247233283 0.449 1097.34427977275
"366875" 0.111121529172109 0.485 1044.59664280681
"774652" 0.0437222611938189 0.894 434.450059127264
"321155" 0.423776301286905 0 3874.97220620901
"719553" 0.057469464203042 0.824 558.89961478013
"305944" 0.264626017105829 0.017 2434.22952312838
"435409" 0.32520519950434 0.002 2982.63579357122
"656336" 0.115887780338924 0.456 1087.74417175813
"397772" 0.289282139851071 0.007 2657.4344556306
"587785" 0.226375132322816 0.05 2087.95504013855
"673945" 0.163339753015489 0.21 1517.31351109853
"242584" 0.290731179565279 0.007 2670.55220390533
"719052" 0.312458095433556 0.003 2867.23985183634
"142290" 0.544777567607609 0 4970.36257885011
"227533" 0.243098126102049 0.031 2239.34359122164
"549501" 0.311512676226848 0.003 2858.68123812404
"550354" 0.34679714945775 0.001 3178.10163310076
"145777" 0.448802681050054 0 4101.52897117671
"788350" 0.199537645957799 0.097 1845.00283737226
"126814" 0.229451640340711 0.046 2115.8058004374
"622492" 0.329937609596641 0.002 3025.47696880948
"709099" 0.208092818731151 0.079 1922.45040612227
"418091" 0.152194188771844 0.258 1416.41585819477
"401373" 0.454946492373515 0 4157.14716410707
"594598" 0.192647823410464 0.114 1782.63121501623
"298299" 0.225201978476054 0.051 2077.33480889268
"300286" 0.179205231255636 0.153 1660.93921560597
"536271" 0.132298248563865 0.359 1236.30351705034
"391117" 0.111434273493178 0.484 1047.42782903166
"506760" 0.368950249476171 0 3378.64740606827
"845668" 0.092085178787265 0.609 872.265926147087
"606194" 0.127003496473719 0.389 1188.37161814198
"350744" 0.268371566643578 0.015 2468.13692780815
"408940" 0.340736509304168 0.001 3123.23636533836
"675868" 0.141775564521181 0.308 1322.09898823663
"144260" 0.307896782022888 0.004 2825.94756665147
"145266" 0.20909629945045 0.077 1931.53463434958
"166815" 0.301811354717006 0.005 2770.85790778292
"650309" 0.276656985392566 0.011 2543.14248937712
"168764" 0.383072405366298 0 3506.4913045113
"887087" 0.0307709244083144 0.946 317.205256167325
"566841" 0.143192225391834 0.301 1334.92361996319
"532536" 0.208930849306975 0.078 1930.03686081526
"241145" 0.177400100213853 0.159 1644.59787286924
"144056" 0.243284750622631 0.031 2241.03305042615
"678697" 0.332295825658911 0.002 3046.82523440838
"726553" 0.11656974322048 0.451 1093.91778958602
"204864" 0.099557225006014 0.56 939.9082553625
"741788" 0.292101771768725 0.007 2682.95978896722
"335675" 0.160384700776866 0.222 1490.56225575001
"265593" 0.0345143304362857 0.933 351.093256256997
"381006" 0.116642669795647 0.451 1094.57797332439
"190459" 0.479507122735535 0 4379.48763096836
"793817" 0.244152594702251 0.031 2248.88939836924
"430546" 0.278214779431099 0.011 2557.24475990911
"756485" 0.0323938649568383 0.94 331.897279699626
"579217" 0.283501075267774 0.009 2605.10010673729
"3871" 0.879702555970577 0 8002.34413545099
"855252" 0.0766315160315019 0.709 732.3682711933
"759785" 0.111301018162538 0.484 1046.22150606724
"518820" 0.235559735907601 0.039 2171.10066868622
"774643" 0.254846759965877 0.022 2345.70066348577
"587321" 0.261791159115146 0.018 2408.56635244247
"881833" 0.101560692410039 0.547 958.045081306559
"493055" 0.143219049976677 0.301 1335.16645537211
"225025" 0.238076221429618 0.036 2193.88170311277
"619151" 0.121128418407797 0.424 1135.18619167819
"401414" 0.492965713396699 0 4501.32446034899
"23082" 0.478233115035564 0 4367.95439820433
"860224" 0.234106349364429 0.04 2157.94356979358
"256215" 0.26697260683022 0.015 2455.47253876612
"333642" 0.172052401492331 0.177 1596.18666302442
"295574" 0.0343809043869258 0.933 349.885387824108
"207713" 0.267549430909429 0.015 2460.69436463857
"490787" 0.415209848915451 0 3797.42252643535
"419214" 0.20556073892477 0.084 1899.52820103297
"746630" 0.240425365654429 0.034 2215.14784392309
"812065" 0.13968524128317 0.319 1303.17588089858
"874965" 0.0982203291112492 0.569 927.805713489365
"184098" 0.415884445376215 0 3803.52945813125
"337341" 0.388493107739475 0 3555.56339584622
"242261" 0.298362284853015 0.005 2739.63445005836
"823826" 0.213780986110203 0.069 1973.94378279877
"111350" 0.0472686509657169 0.877 466.55452655882
"250985" 0.0476687861539723 0.875 470.176837682475
"105522" 0.265616487845549 0.016 2443.19597567605
"869505" 0.0320253674471961 0.942 328.561375566735
"394278" 0.214900744092833 0.067 1984.08063633061
"169281" 0.268764197657388 0.015 2471.6913057548
"323247" 0.252298173509104 0.024 2322.6290283411
"236665" 0.348627484830792 0.001 3194.67114354721
"275300" 0.277621999276189 0.011 2551.87848817886
"73664" 0.398620658789822 0 3647.24526212999
"428047" 0.248366370778468 0.027 2287.03552598182
"827094" 0.184158538819647 0.137 1705.78011341912
"283480" 0.210205219293032 0.075 1941.57337325316
"712345" 0.303614639301643 0.005 2787.18253506334
"718506" 0.152329576383916 0.257 1417.64148410224
"296698" 0.050425144184458 0.862 495.129370345593
"220407" 0.209613819476204 0.076 1936.21959733466
"379593" 0.290153433753631 0.007 2665.32203384879
"348318" 0.258679038282159 0.02 2380.39319936229
"688496" 0.167273661759536 0.194 1552.92607860387
"889064" 0.045861996639592 0.884 453.820481260588
"128784" 0.0301720393541174 0.948 311.783718503849
"200787" 0.314135496867264 0.003 2882.42489441819
"824934" 0.206976330551358 0.082 1912.34315319426
"718666" 0.268090790864122 0.015 2465.59514378358
"589591" 0.197882231238328 0.101 1830.01683431977
"522640" 0.111869489812301 0.481 1051.36771974917
"572026" 0.300844212794793 0.005 2762.10264444739
"390543" 0.300293838203943 0.005 2757.12025834107
"590979" 0.170873943713227 0.181 1585.51841677341
"599883" 0.357547066468997 0.001 3275.41760308078
"51879" 0.532657326509238 0 4860.6414509897
"587774" 0.108013028585391 0.505 1016.45626279611
"585942" 0.35671340677326 0.001 3267.87071673375
"824949" 0.232190317106262 0.043 2140.59826959066
"52258" 0.694147885204492 0 6322.56997988928
"580940" 0.243657049062566 0.031 2244.4033633101
"482053" 0.186956529460195 0.129 1731.10953437141
"366119" 0.185355610877595 0.134 1716.61686949206
"598070" 0.146737766707998 0.284 1367.02040656403
"682169" 0.265760549826164 0.016 2444.50012819798
"405387" 0.165356142314973 0.202 1535.56731532151
"480682" 0.26556434977939 0.016 2442.72398445269
"828565" 0.0813358154818107 0.679 774.9549687096
"496034" 0.321994170687037 0.002 2953.56725437574
"549654" 0.25318293431403 0.023 2330.6385186322
"39082" 0.645967803879705 0 5886.40927809664
"304491" 0.215254422767536 0.066 1987.28238972591
"390064" 0.174578996938808 0.168 1619.05921974871
"834744" 0.252865008117769 0.024 2327.76042235119
"222102" 0.39921546176507 0 3652.62984588284
"202207" 0.415213882607235 0 3797.45904231059
"188683" 0.264174554638716 0.017 2430.14256061037
"264470" 0.0463074931581484 0.882 457.853435727184
"542217" 0.15880926609531 0.229 1476.30028944689
"676312" 0.318096402974249 0.003 2918.28186144387
"185280" 0.324176963075024 0.002 2973.3274588759
"537999" 0.0669957201047249 0.769 645.13812549424
"421647" 0.0845365536515947 0.658 803.930349572422
"631578" 0.190978237861931 0.118 1767.51692744079
"718617" 0.247263750097011 0.028 2277.05381160916
"408263" 0.450782478541732 0 4119.45152007314
"282093" 0.3569111996635 0.001 3269.66128004217
"571784" 0.451267515882722 0 4123.84242646485
"529406" 0.0582550815109607 0.82 566.011586925889
"195004" 0.38116603680045 0 3489.23348699226
"413497" 0.339004020275002 0.001 3107.55263027541
"760547" 0.298139038743402 0.006 2737.61346592626
"774781" 0.0460468521564582 0.883 455.493926172876
"765956" 0.254842062055725 0.022 2345.65813462876
"302696" 0.227465575093421 0.048 2097.82651131532
"802960" 0.155143819688184 0.244 1443.11803584009
"392838" 0.345244964020856 0.001 3164.05013565923
"678802" 0.243756667606144 0.031 2245.3051819182
"535617" 0.127178462585954 0.388 1189.95553706042
"232165" 0.258551982798536 0.02 2379.24300186615
"655479" 0.169562766398755 0.186 1573.64869796161
"884958" 0.117440620137546 0.446 1101.80159295201
"706217" 0.26505376818598 0.016 2438.10183314076
"242075" 0.1516347159983 0.26 1411.35110880389
"266417" 0.328448800447152 0.002 3011.99919904195
"863138" 0.124192508277818 0.406 1162.92453398307
"422415" 0.324141592316591 0.002 2973.00725736529
"226339" 0.231699076448094 0.043 2136.15120631628
"608551" 0.0991145095671854 0.563 935.900477227129
"379110" 0.155506364327789 0.243 1446.40005031772
"733392" 0.261506517374894 0.018 2405.98957096403
"601298" 0.267754192363036 0.015 2462.5480123878
"113010" 0.308924326006179 0.004 2835.24963282803
"263025" 0.330375408482613 0.002 3029.44023877705
"155287" 0.331085024085065 0.002 3035.86418889623
"310688" 0.448189888076346 0 4095.98152903637
"780309" 0.19944386302437 0.098 1844.15384689869
"50983" 0.616023258930202 0 5615.32974935958
"309108" 0.178968625896583 0.153 1658.79729395257
"744121" 0.215123473914254 0.067 1986.09694665118
"370594" 0.36244598602236 0 3319.76614155702
"468559" 0.228059746484419 0.048 2103.20537751391
"837423" 0.146364635567418 0.285 1363.64255547576
"412802" 0.166012351523796 0.199 1541.5077924061
"118958" 0.392103839102554 0 3588.25032957489
"279011" 0.0230718395129094 0.969 247.507609778892
"758233" 0.14067545306788 0.314 1312.1399891995
"99921" 0.625453282799481 0 5700.69709859712
"876497" 0.1886444406684 0.125 1746.38971898071
"26335" 0.741162607240295 0 6748.18101237154
"290613" 0.25543857715485 0.022 2351.05821775669
"190648" 0.0445934597878327 0.89 442.336774544043
"735547" 0.179136491342303 0.153 1660.31693253762
"693978" 0.120280263681626 0.429 1127.50808590452
"624615" 0.268714916809584 0.015 2471.24518012422
"693489" 0.212426390688519 0.071 1961.68101209516
"488190" 0.0505576790264743 0.861 496.329170929492
"688814" 0.0343324116165966 0.933 349.446396436857
"531338" 0.0838045746954261 0.663 797.303950312783
"56622" 0.0920041484023124 0.609 871.532380901922
"395971" 0.119302033160541 0.435 1118.65244060755
"726205" 0.099982463568259 0.557 943.757820258163
"644685" 0.313961016820849 0.003 2880.84537571667
"750788" 0.316711472079109 0.003 2905.7444722459
"599092" 0.291244167764557 0.007 2675.19614154213
"27947" 0.445721760532818 0 4073.63826576452
"681294" 0.130701110914647 0.368 1221.84507989565
"818479" 0.152310318599339 0.257 1417.46714880422
"390073" 0.0742334257479871 0.724 710.659035503782
"177623" 0.176440408600543 0.162 1635.91005508114
"472733" 0.205755767481503 0.084 1901.29373960898
"291003" 0.449027473742568 0 4103.56395608808
"21671" 0.407950393667904 0 3731.70472338602
"421409" 0.295029717249212 0.006 2709.4656544715
"21639" 0.408601132136271 0 3737.59567539861
"156119" 0.166745167856486 0.196 1548.14177219945
"541400" 0.437227601561629 0 3996.74303777523
"311766" 0.457548473623887 0 4180.70216727452
"549348" 0.313861105193454 0.003 2879.94090390335
"377018" 0.0913334718222272 0.614 865.460934781399
"1401" 0.265661882324866 0.016 2443.60691910769
"381001" 0.0650380495201915 0.781 627.415885254068
"838304" 0.0881022337871051 0.635 836.209447230819
"657760" 0.167595723204415 0.193 1555.84161012554
"410844" 0.0584027934149868 0.819 567.348781176119
"672932" 0.287411351247418 0.008 2640.49873348488
"561100" 0.339491902965308 0.001 3111.96929481281
"170592" 0.292073477712615 0.007 2682.70365084893
"715949" 0.311267938190534 0.003 2856.46569363472
"285750" 0.111487122001339 0.483 1047.9062516863
"295200" 0.391540719648348 0 3583.1525678114
"170643" 0.385233248990037 0 3526.05281303265
"119295" 0.487856641364746 0 4455.07347069325
"309760" 0.225256447286511 0.051 2077.82789968749
"666068" 0.307691139770206 0.004 2824.08594527638
"734277" 0.111344947946621 0.484 1046.61919002561
"377231" 0.46473695653902 0 4245.77747779451
"317514" 0.189510057960583 0.122 1754.22590844451
"312769" 0.374972340805532 0 3433.1637021859
"153496" 0.189147963201785 0.123 1750.94796661108
"543707" 0.341843460924339 0.001 3133.25728647897
"289751" 0.340294236187415 0.001 3119.23259142011
"555654" 0.250114355834755 0.026 2302.85954221238
"335408" 0.128025274839062 0.383 1197.62148980368
"680961" 0.0341442702617468 0.934 347.743205759067
"478601" 0.305824887419989 0.004 2807.19128855495
"542734" 0.311118127100684 0.003 2855.10949604666
"718091" 0.130707767055527 0.368 1221.90533606371
"877800" 0.14542173703992 0.29 1355.10676076216
"789046" 0.150016945382159 0.268 1396.70588721284
"19128" 0.477984357772025 0 4365.70246878334
"720508" 0.16091586547966 0.22 1495.37074015203
"658811" 0.327626426738894 0.002 3004.5544815598
"146253" 0.154478307605951 0.247 1437.09334246356
"431989" 0.256885027232591 0.021 2364.1525227821
"365602" 0.0399748312935213 0.911 400.525632055124
"517190" 0.305269118208583 0.004 2802.16006646864
"248688" 0.061728244506449 0.8 597.453152981799
"666414" 0.181443212779328 0.146 1681.19903180247
"807990" 0.146971812108666 0.282 1369.13915363542
"313725" 0.408930048727448 0 3740.57326462831
"135318" 0.216123589414077 0.065 1995.15071049471
"688110" 0.27554035790004 0.012 2533.0339752902
"21831" 0.742936321260551 0 6764.23794566394
"102892" 0.373078773397709 0 3416.02176994381
"611932" 0.280285790861986 0.01 2575.99304289823
"397805" 0.317043412238287 0.003 2908.74943298485
"344844" 0.109059542316026 0.499 1025.93005675076
"154889" 0.237987838184893 0.036 2193.08159449971
"485973" 0.180597731669638 0.148 1673.54512952553
"744886" 0.121011051130574 0.424 1134.12369878499
"321807" 0.220807058047686 0.058 2037.54883249637
"699083" 0.443873303294182 0 4056.90470317457
"597351" 0.173390847311581 0.172 1608.30323592725
"717311" 0.220454630673912 0.058 2034.35840677584
"70156" 0.469668142807689 0 4290.41811775347
"674352" 0.178062829693905 0.156 1650.59737613222
"153586" 0.264494170512618 0.017 2433.03595306701
"501849" 0.454761462787131 0 4155.47214339247
"884661" 0.129716856914239 0.374 1212.93490573745
"736426" 0.0579972051512559 0.821 563.677104896554
"699725" 0.283829743244531 0.009 2608.07544533069
"761202" 0.064091923835295 0.786 618.850875993774
"176120" 0.424137717122041 0 3878.24400193782
"469297" 0.117846669004359 0.444 1105.47743894151
"19576" 0.693840110578287 0 6319.78378291185
"278964" 0.229172232852441 0.046 2113.27640316744
"355830" 0.219806046474759 0.059 2028.4869567555
"734582" 0.165052186665831 0.203 1532.81569046746
"630263" 0.159029549222427 0.228 1478.29445053326
"294482" 0.057043741983161 0.827 555.045671468156
"581288" 0.338213847341318 0.001 3100.39941733311
"333370" 0.0913730480979331 0.613 865.819207654993
"703664" 0.274280169175272 0.012 2521.62584181527
"406015" 0.268501951403272 0.015 2469.31726430256
"503596" 0.175827157982695 0.164 1630.35847001734
"547480" 0.250999935671368 0.025 2310.87644696658
"860263" 0.00622273250954294 0.998 94.9773912093586
"849749" 0.0767257249229227 0.709 733.221117744558
"241821" 0.0130334674207039 0.99 156.633055477558
"673227" 0.291466301200755 0.007 2677.2070529553
"481507" 0.31319192640132 0.003 2873.88301683516
"816342" 0.152776543344223 0.255 1421.68775006372
"459484" 0.259629821568396 0.019 2389.00037257527
"627042" 0.0884725989442184 0.633 839.562258650068
"481172" 0.186956529460195 0.129 1731.10953437141
"30408" 0.787524867549648 0 7167.88549267132
"781363" 0.297328164563807 0.006 2730.27285043718
"264107" 0.421892077766075 0 3857.91486154329
"41344" 0.547547718046597 0 4995.43997030147
"120381" 0.176113343943141 0.163 1632.94923088613
"621042" 0.227770732846147 0.048 2100.58901847443
"793433" 0.0554760381701569 0.835 540.853690539907
"147740" 0.346736476883148 0.001 3177.55238137701
"680115" 0.243756667606144 0.031 2245.3051819182
"881407" 0.118271350963537 0.441 1109.32196506643
"653148" 0.22345744946753 0.054 2061.5420792888
"115909" 0.378739053013694 0 3467.26268655846
"229378" 0.128403356317963 0.381 1201.04415491005
"276825" 0.100588930451714 0.553 949.24799408578
"210955" 0.470453050425691 0 4297.52366527636
"411416" 0.262712869893778 0.018 2416.91034043511
"257804" 0.321542275523767 0.002 2949.47637478132
"871448" 0.193674337182067 0.111 1791.92395497663
"347225" 0.210049894673393 0.076 1940.16726323332
"742868" 0.346299232273533 0.001 3173.59412911714
"416193" 0.194404985441875 0.11 1798.53830781703
"235189" 0.116143745246892 0.454 1090.06134995343
"433749" 0.354314330371479 0.001 3246.1525539934
"870433" 0.193233175343332 0.112 1787.93024114519
"569951" 0.337392869191462 0.001 3092.967333448
"588337" 0.0700921970859477 0.75 673.169659191964
"614088" 0.370476403652017 0 3392.46324983769
"375091" 0.248357048114697 0.027 2286.95113053331
"351540" 0.345924800219772 0.001 3170.20450122836
"845482" 0.213001658955501 0.07 1966.88875363786
"424022" 0.228681286242391 0.047 2108.83200182783
"636193" 0.273670972991756 0.012 2516.11096040316
"830876" 0.187902988799931 0.127 1739.67756411495
"372593" 0.38755234104783 0 3547.04690004197
"272628" 0.19674490528558 0.104 1819.72094290411
"201805" 0.215952291587393 0.065 1993.59999953184
"562518" 0.229570796714467 0.046 2116.88448951744
"191530" 0.46101015101288 0 4212.03975737083
"289605" 0.235694230591581 0.039 2172.31821116725
"254983" 0.230211326269275 0.045 2122.68302311187
"359493" 0.155442151006444 0.243 1445.81874521129
"133179" 0.385491407731514 0 3528.38985138461
"647375" 0.213032035100916 0.07 1967.16374032401
"99896" 0.56861537593247 0 5186.15954145965
"583774" 0.196696393087011 0.104 1819.28177563848
"276159" 0.216099466945485 0.065 1994.9323365829
"663457" 0.226750503539227 0.049 2091.3531700022
"555524" 0.194710334484713 0.109 1801.30254667164
"516450" 0.14298612955919 0.302 1333.05789245649
"197500" 0.393337834445878 0 3599.42134174743
"702310" 0.200159809823982 0.096 1850.63511156199
"644665" 0.358657245672386 0.001 3285.46774262292
"77710" 0.43737349076099 0 3998.06373159366
"854694" 0.112428163668896 0.477 1056.42523677001
"530662" 0.146392534147582 0.285 1363.89511346172
"7797" 0.688550733827941 0 6271.90054544023
"383030" 0.105514108747777 0.521 993.83424556144
"253589" 0.250721323282115 0.025 2308.354247504
"456672" 0.252654290191954 0.024 2325.85285233727
"321361" 0.393398472520258 0 3599.97028115038
"538918" 0.450054432486046 0 4112.8607242535
"626749" 0.216084221386561 0.065 1994.79432283331
"848374" 0.167418065154359 0.194 1554.23332185244
"667915" 0.12464005876191 0.403 1166.97608242097
"481193" 0.117846669004359 0.444 1105.47743894151
"18075" 0.656072235291949 0 5977.88184881048
"222962" 0.254872650258486 0.022 2345.93504101032
"340982" 0.132317289695286 0.359 1236.47589104837
"528825" 0.327008500640233 0.002 2998.96057068549
"875564" 0.0234539054351051 0.968 250.966344927813
"435079" 0.418937320458356 0 3831.16627612115
"861563" 0.064773905431117 0.782 625.024663236644
"132520" 0.139777118711198 0.319 1304.00762136862
"120439" 0.334241730629277 0.001 3064.44096385838
"237613" 0.159769331697392 0.225 1484.99149284998
"794812" 0.0800812571488718 0.687 763.597805585574
"434118" 0.418937320458356 0 3831.16627612115
"168796" 0.438765414455033 0 4010.66442462992
"336400" 0.169558597439339 0.186 1573.6109575466
"889303" 0.00662650829014746 0.997 98.6326595898363
"422823" 0.094295423577158 0.594 892.274649507155
"495951" 0.256909195408039 0.021 2364.37131046519
"290753" 0.357846091334968 0.001 3278.12459094401
"544514" 0.331740640779191 0.002 3041.79930211219
"605892" 0.311585367601106 0.003 2859.33929265485
"275535" 0.399783617702949 0 3657.77320151403
"61069" 0.632132297469759 0 5761.16033663597
"611860" 0.385863301226565 0 3531.75649841661
"632247" 0.070034087031652 0.75 672.643605242575
"458699" 0.396257676182061 0 3625.8538463377
"658971" 0.0735801117852864 0.728 704.744768266631
"368744" 0.094687648932886 0.592 895.825355145487
"591166" 0.180601057135755 0.148 1673.57523403336
"228975" 0.364374725969718 0 3337.22648088987
"496259" 0.0209099023439898 0.975 227.936201701121
"519474" 0.202814584763968 0.09 1874.66804112722
"302024" 0.448708691286459 0 4100.67810832792
"837748" 0.157757947172174 0.233 1466.78299543836
"488044" 0.357290950512846 0.001 3273.09905748884
"347470" 0.320509683613032 0.002 2940.12861113984
"186981" 0.556105641733325 0 5072.91244229522
"280575" 0.177388254285864 0.159 1644.49063502068
"371643" 0.407584106879528 0 3728.3888322899
"1110" 0.865072420660351 0 7869.90164243787
"865532" 0.197952042608028 0.101 1830.64881698074
"855079" 0.156862962347021 0.237 1458.6809499727
"286039" 0.159737629401897 0.225 1484.70450090079
"86143" 0.157420500402417 0.235 1463.72818490529
"596184" 0.242429434758002 0.032 2233.29011688363
"538081" 0.532653230539492 0 4860.60437132961
"151750" 0.336384841509747 0.001 3083.84194285101
"688974" 0.141315994950131 0.311 1317.9386343908
"209472" 0.132610726196656 0.357 1239.13228902135
"835919" 0.126948993318238 0.389 1187.87821643134
"781452" 0.235879009594422 0.039 2173.99096341962
"789360" 0.210766513120877 0.074 1946.65460813556
"665895" 0.0885980597355661 0.632 840.698019846335
"852640" 0.0899509462506152 0.623 852.945320299646
"581194" 0.353449805483467 0.001 3238.32625375678
"383" 0.559024271329868 0 5099.33397372684
"88135" 0.377893068341715 0 3459.604225674
"260285" 0.120324055442262 0.429 1127.90452037551
"666073" 0.260157304761127 0.019 2393.77552930393
"270647" 0.263799435614387 0.017 2426.74671377059
"381357" 0.301799510224827 0.005 2770.75068293234
"832157" 0.114998466933753 0.461 1079.69346805968
"782922" 0.0558843600010304 0.833 544.550113032649
"9782" 0.392492305547818 0 3591.76700685585
"209760" 0.19512336612822 0.108 1805.04160577119
"385623" 0.305663012998755 0.004 2805.72588502664
"269606" 0.306550825288472 0.004 2813.76299954981
"144327" 0.318147652589138 0.003 2918.7458097682
"374302" 0.220721943511425 0.058 2036.7783145801
"463703" 0.108363135606713 0.503 1019.62568301964
"146982" 0.479236505535811 0 4377.03780970399
"337716" 0.264722612143351 0.017 2435.10397078802
"761943" 0.179994833721727 0.15 1668.08726426587
"55004" 0.730685768110004 0 6653.33713950981
"507388" 0.229010936592501 0.046 2111.81623357042
"104291" 0.520749446215197 0 4752.84276565955
"45790" 0.753979276296635 0 6864.20670632116
"886250" 0.0340241726269141 0.934 346.655995707694
"76887" 0.767463681274465 0 6986.27722543754
"267521" 0.374778874173632 0 3431.41230327534
"585711" 0.335698885173581 0.001 3077.63217340367
"564329" 0.392015556170026 0 3587.45112905989
"557622" 0.215469857179604 0.066 1989.23265676105
"65922" 0.297031131957291 0.006 2727.58389793749
"510670" 0.11087726258447 0.487 1042.38536620952
"581504" 0.0821116322082664 0.674 781.978218952627
"236296" 0.105106801325052 0.524 990.147006219863
"22294" 0.708714716053444 0 6454.43939545012
"292809" 0.247563501538887 0.028 2279.76737695935
"381979" 0.124003726344078 0.407 1161.21554432507
"202385" 0.130600487645673 0.369 1220.93416579162
"47762" 0.392336960580316 0 3590.36071263254
"328695" 0.343509082861455 0.001 3148.33569259698
"19763" 0.60599074738905 0 5524.50824897576
"465853" 0.328257039640668 0.002 3010.26324248827
"853006" 0.137091237962515 0.333 1279.69309968113
"574615" 0.473439993047887 0 4324.56361528244
"134161" 0.316331862579874 0.003 2902.30797440196
"407738" 0.365592000220203 0 3348.24612172
"20737" 0.618049434082987 0 5633.67214215539
"811263" 0.207881330833203 0.08 1920.53586576755
"522403" 0.327329400562712 0.002 3001.86558727212
"267928" 0.0841612435678424 0.661 800.532773125514
"731101" 0.254850932548677 0.022 2345.73843670225
"85085" 0.281009854770619 0.01 2582.54778946255
"185222" 0.527868251043937 0 4817.2873000948
"132858" 0.182373589318426 0.143 1689.62146848308
"702088" 0.335338216896018 0.001 3074.36714510295
"406495" 0.350119732769174 0.001 3208.18004370173
"294736" 0.152463297168537 0.257 1418.85202069041
"356145" 0.369400921725189 0 3382.7272149645
"205315" 0.335939461674377 0.001 3079.81004468443
"23480" 0.532738359249657 0 4861.37501755825
"73051" 0.621274609996061 0 5662.86875102303
"754835" 0.00795111001511713 0.996 110.623905807623
"770712" 0.139693136931605 0.319 1303.24735797932
"702888" 0.268861344762203 0.015 2472.5707511241
"126571" 0.201541718978524 0.093 1863.14514579368
"749442" 0.291599537753857 0.007 2678.41320593196
"85915" 0.572293748349828 0 5219.45881059526
"314664" 0.283443960076924 0.009 2604.58305900638
"33130" 0.148997205244162 0.273 1387.47446704905
"353695" 0.314071217593307 0.003 2881.84299226135
"246145" 0.397311135372132 0 3635.39051557979
"671873" 0.0667358343525075 0.771 642.785453000623
"127360" 0.490019921412834 0 4474.65703547778
"408033" 0.270286138941809 0.014 2485.4690114051
"682747" 0.220694508650889 0.058 2036.52995451727
"118482" 0.352141347169492 0.001 3226.48114929043
"227952" 0.443470929124691 0 4053.26212318461
"772506" 0.159410761715586 0.226 1481.74545982957
"534985" 0.154575847164137 0.247 1437.97634060264
"77368" 0.470205831842976 0 4295.28566509935
"672566" 0.350620976230312 0.001 3212.71765953316
"9395" 0.137046687563223 0.333 1279.28979746814
"233418" 0.327522658303741 0.002 3003.61509515248
"531781" 0.338470588775854 0.001 3102.72362520465
"86060" 0.664361767606871 0 6052.92464933288
"326331" 0.310890893122672 0.003 2853.05241086549
"664987" 0.0697757808932363 0.752 670.305232547659
"872369" 0.103162406991009 0.536 972.544952134877
"227976" 0.46159149413429 0 4217.30249285912
"208191" 0.485469369325351 0 4433.46216951978
"378721" 0.357782662954878 0.001 3277.55039168961
"360218" 0.323814627949297 0.002 2970.04734106837
"822249" 0.0821097216597413 0.674 781.960923295115
"188569" 0.42638861611705 0 3898.62075636273
"201330" 0.160060242221985 0.223 1487.62502386687
"365283" 0.296471656632997 0.006 2722.51912545538
"92419" 0.663818846124109 0 6048.00973411421
"377741" 0.384510423854297 0 3519.50928073032
"457141" 0.292622196751583 0.007 2687.6710497105
"370301" 0.220173627448874 0.059 2031.8145637505
"694644" 0.126536783567296 0.392 1184.14659769362
"191594" 0.454386886308859 0 4152.08120806929
"294575" 0.0777719914760447 0.702 742.692674070826
"60268" 0.650695975688476 0 5929.21208534821
"790647" 0.20701763942655 0.081 1912.71711080285
"86844" 0.506231213109168 0 4621.41329177328
"849782" 0.0942487959158387 0.595 891.852542426288
"163661" 0.457598630355782 0 4181.15622203702
"336006" 0.239026749721519 0.035 2202.48656793387
"860907" 0.154844737667174 0.246 1440.4105305684
"616486" 0.336464561145217 0.001 3084.5636222504
"411034" 0.284554710518506 0.009 2614.63836980694
"162078" 0.45363495408088 0 4145.27417746167
"472675" 0.0231566938337272 0.969 248.275772038074
"712268" 0.271082981454012 0.014 2492.68260216262
"649225" 0.0565651512453543 0.829 550.71312435878
"556175" 0.341216623102631 0.001 3127.58270028673
"146398" 0.457753092705558 0 4182.55452617072
"672101" 0.380619759029656 0 3484.28818824365
"183275" 0.425444436771387 0 3890.07336676315
"787298" 0.164791423776112 0.204 1530.45507749517
"119220" 0.1947214748009 0.109 1801.40339681536
"117451" 0.497473860834815 0 4542.13544896354
"816837" 0.179357369029095 0.152 1662.31647600522
"745453" 0.147666948948816 0.279 1375.43203159879
"561959" 0.228723801457571 0.047 2109.21688009245
"459344" 0.232788354035559 0.042 2146.01212941837
"469550" 0.318264554349961 0.003 2919.80408847258
"276413" 0.277621999276189 0.011 2551.87848817886
"577434" 0.196696393087011 0.104 1819.28177563848
"164772" 0.273945023276748 0.012 2518.59186042122
"272662" 0.138785781232349 0.324 1295.03332247583
"47948" 0.658267584213294 0 5997.7557240694
"863192" 0.0656686100465289 0.777 633.124172042462
"29832" 0.484537336047285 0 4425.02473484807
"184611" 0.556161386416613 0 5073.41708320731
"670324" 0.445312550174728 0 4069.93379968523
"527053" 0.0993524990292023 0.561 938.054928774704
"840203" 0.101596120395889 0.547 958.365800880841
"333464" 0.0942182228798924 0.595 891.57577334563
"93311" 0.428936660329784 0 3921.68748272488
"624388" 0.168161855728256 0.191 1560.96664835952
"770946" 0.139892104265011 0.318 1305.04855319083
"420048" 0.205950671884635 0.084 1903.05815425742
"489286" 0.22130567158913 0.057 2042.06264040578
"127180" 0.356443886797738 0.001 3265.43082833094
"546747" 0.32012543224565 0.002 2936.65009177138
"122513" 0.54835108973787 0 5002.71266787755
"152332" 0.19639981760897 0.105 1816.59696139409
"494693" 0.0977202007290221 0.572 923.278192153149
"85216" 0.283721660330407 0.009 2607.09700116083
"592623" 0.13491642278121 0.345 1260.00511058554
"40982" 0.758665341667914 0 6906.62833585734
"496348" 0.0421496130316971 0.901 420.213318399493
"54158" 0.399620547470146 0 3656.29697264049
"398710" 0.285460856811931 0.008 2622.84145690018
"471395" 0.338381852678788 0.001 3101.92032231876
"37856" 0.699853310025022 0 6374.2195833213
"564468" 0.0616077122209084 0.801 596.362008160027
"314558" 0.197190086703371 0.103 1823.75104485226
"757286" 0.170426271996343 0.183 1581.46577084921
"701466" 0.323362224829909 0.002 2965.95186309034
"664412" 0.290615288091088 0.007 2669.50307104118
"869190" 0.102732132236594 0.539 968.649796010416
"81282" 0.512209535755866 0 4675.53336233831
"603249" 0.322471618818992 0.002 2957.88945779626
"227590" 0.259423249641181 0.019 2387.13033511856
"254970" 0.291576820438966 0.007 2678.20755248071
"232307" 0.42836815701068 0 3916.54098234932
"200487" 0.379400774064626 0 3473.25306079673
"99666" 0.495793030845198 0 4526.91936863101
"706513" 0.0845623737086653 0.658 804.164091274441
"94833" 0.584446431312522 0 5329.47362551308
"198201" 0.264051625332653 0.017 2429.02971623716
"111364" 0.132883824586875 0.356 1241.60457180422
"219566" 0.375443765788882 0 3437.43137973909
"351776" 0.377248562236951 0 3453.76969349319
"399756" 0.304207849580471 0.004 2792.55270058423
"255182" 0.318097992307888 0.003 2918.29624923352
"535571" 0.17216874099289 0.176 1597.23985174505
"772762" 0.12940674648376 0.375 1210.12756338202
"721804" 0.323618270684614 0.002 2968.26977407365
"797255" 0.172696563181074 0.175 1602.01807730404
"353454" 0.329456148611351 0.002 3021.11843815831
"599700" 0.203917829352641 0.088 1884.65540355612
"298482" 0.392429891599704 0 3591.20199096831
"307653" 0.108751038879181 0.501 1023.13726205594
"389675" 0.292720613015156 0.007 2688.56198441646
"492055" 0.308178288353691 0.004 2828.49596415156
"369427" 0.277813317138097 0.011 2553.61043488009
"613072" 0.070034087031652 0.75 672.643605242575
"494905" 0.154129525816996 0.249 1433.93591919526
"487882" 0.232805184035682 0.042 2146.16448666773
"325767" 0.0345735236825417 0.932 351.629116038021
"405455" 0.181671473104846 0.145 1683.26540821844
"174602" 0.307843738358706 0.004 2825.46737730436
"802571" 0.182346902358494 0.143 1689.3798789537
"286004" 0.213806920509888 0.069 1974.17855961225
"6146" 0.639575791868945 0 5828.54419427318
"107059" 0.491559919308319 0 4488.59820254071
"221957" 0.331562202257257 0.002 3040.18394844707
"135902" 0.377577352453841 0 3456.74613869208
"837610" 0.121406265736944 0.422 1137.70146526718
"709689" 0.250381055575421 0.026 2305.27389982362
"50613" 0.425451938072787 0 3890.14127393128
"375847" 0.0506452244594974 0.861 497.121695069265
"501483" 0.380661348815021 0 3484.6646888529
"78788" 0.452802379964978 0 4137.73711856302
"322425" 0.36923465204927 0 3381.22202243386
"673206" 0.0667358343525075 0.771 642.785453000623
"676472" 0.336462222367914 0.001 3084.54244995842
"787724" 0.278853648654991 0.011 2563.02826299554
"200986" 0.431303979499308 0 3943.118156189
"514584" 0.289130986776173 0.008 2656.06610942999
"778768" 0.0942350528477782 0.595 891.72813030316
"419608" 0.391266654324679 0 3580.67153165243
"385615" 0.25207988522208 0.024 2320.65292598006
"778163" 0.226878350828568 0.049 2092.51053549242
"713892" 0.174642855347848 0.168 1619.63731193404
"40053" 0.575504615482008 0 5248.52588610088
"396452" 0.203639059040072 0.088 1882.13177445824
"853008" 0.121717851394172 0.42 1140.52216243473
"613383" 0.340772250428424 0.001 3123.5599196664
"399931" 0.415466151803516 0 3799.74276426923
"720115" 0.407237594959418 0 3725.25195750474
"555726" 0.213244597586722 0.07 1969.08800861985
"113726" 0.528633062931358 0 4824.21092663059
"555352" 0.339875741988784 0.001 3115.44408134806
"366421" 0.317049373580092 0.003 2908.80339933264
"733607" 0.0812615442174646 0.679 774.282611878945
"714866" 0.0563267921611925 0.831 548.555326726064
"704053" 0.0937565390566685 0.598 887.396279770552
"109017" 0.342898150370823 0.001 3142.80509288575
"475065" 0.298729228012961 0.005 2742.95628310139
"890209" 0.028238733041861 0.954 294.282041156117
"676441" 0.0473233770226872 0.877 467.049946133843
"144763" 0.117089419788956 0.448 1098.62227514477
"658977" 0.0460834971494924 0.883 455.825662970314
"247016" 0.260031742344831 0.019 2392.63884812564
"182856" 0.228150982256278 0.048 2104.03130925142
"364143" 0.264219024316367 0.017 2430.54513207309
"753658" 0.226332623661842 0.05 2087.57022120731
"289011" 0.0946741177232134 0.592 895.702860916656
"693275" 0.0564516866121586 0.83 549.68596100242
"238920" 0.373899896693034 0 3423.45516778997
"650910" 0.259589697379488 0.019 2388.63713959783
"644175" 0.390333118377483 0 3572.22049374047
"115439" 0.194688691059824 0.109 1801.10661484402
"559703" 0.0820437061752872 0.674 781.363303713807
"201590" 0.161937559380351 0.216 1504.61984717903
"152171" 0.15001248031546 0.268 1396.66546622203
"532361" 0.185030995523728 0.135 1713.67821815187
"868795" 0.14302745007419 0.302 1333.43195543698
"738104" 0.0900248515277608 0.622 853.614363951289
"407969" 0.0343801274584067 0.933 349.87835450912
"337604" 0.0700422194239486 0.75 672.717225498785
"830712" 0.113863533428887 0.468 1069.41923480064
"251360" 0.212267503241427 0.072 1960.24264880219
"397967" 0.10707231465129 0.511 1007.94024459104
"533950" 0.213681860616621 0.069 1973.04642763336
"399429" 0.211828518564374 0.072 1956.26864420206
"91283" 0.313299405580947 0.003 2874.85599556672
"123182" 0.287253096524771 0.008 2639.06609806804
"493173" 0.180597731669638 0.148 1673.54512952553
"297588" 0.401072768173915 0 3669.4435175175
"182762" 0.250168592251456 0.026 2303.350529212
"119599" 0.351901715005454 0.001 3224.31182682427
"464795" 0.242170000764763 0.032 2230.94153403677
"838650" 0.201135484374534 0.094 1859.46761837785
"587686" 0.0503368364060635 0.862 494.329944907959
"630966" 0.160912267895266 0.22 1495.33817223411
"893591" 0.0775472462476803 0.703 740.658118839025
"178536" 0.43715906235727 0 3996.12257166866
"566899" 0.0398255597355281 0.911 399.174318696952
"457569" 0.251924628793037 0.024 2319.24743327047
"146486" 0.465921948503294 0 4256.50487618291
"463471" 0.401057988478381 0 3669.30972109791
"473440" 0.315482071377247 0.003 2894.61505406801
"746256" 0.0570635535916757 0.826 555.225020378241
"33041" 0.82199085846171 0 7479.89639781792
"599731" 0.203516335360515 0.089 1881.02079156385
"447900" 0.26854110551217 0.015 2469.67171541899
"396033" 0.159683847651544 0.225 1484.21762986752
"689703" 0.130701110914647 0.368 1221.84507989565
"418045" 0.11163685290085 0.482 1049.26172333382
"130058" 0.0514171602594038 0.857 504.109812377669
"114337" 0.237838496675524 0.037 2191.72964789144
"381667" 0.292677808007423 0.007 2688.1744827415
"81480" 0.308326100405971 0.004 2829.83406501571
"605133" 0.297247872821456 0.006 2729.54599191537
"461454" 0.3332270786387 0.002 3055.25560525963
"784004" 0.157416251515963 0.235 1463.68972093332
"306958" 0.272841462354473 0.013 2508.60163431335
"59760" 0.3624580951901 0 3319.87576244089
"405893" 0.0695064864638102 0.754 667.867385950108
"449200" 0.288886686058097 0.008 2653.85452385947
"773746" 0.117682058728903 0.445 1103.98726849574
"640656" 0.14252729436 0.305 1328.90418667221
"827951" 0.168549733738533 0.19 1564.47799870432
"60925" 0.477857579071895 0 4364.55477693018
"778985" 0.299536654013966 0.005 2750.26568320118
"868655" 0.0885139659551316 0.632 839.936742544965
"102666" 0.322812746941268 0.002 2960.97759457648
"78136" 0.710267264941699 0 6468.49418311443
"272323" 0.145053290493669 0.292 1351.77131798649
"861678" 0.124228855743005 0.405 1163.25357734474
"398369" 0.203871455611494 0.088 1884.23559514303
"245842" 0.272845498795195 0.013 2508.63817507396
"585638" 0.15504882029484 0.245 1442.25803309764
"70313" 0.538255138761233 0 4911.31686815795
"326376" 0.206605970135297 0.082 1908.99038469443
"309787" 0.299683592485433 0.005 2751.59587578437
"162629" 0.499716816026903 0 4562.44029037872
"187133" 0.260122510976645 0.019 2393.46055097595
"497747" 0.368691802642797 0 3376.30775970154
"868715" 0.0813890995584464 0.679 775.437334442923
"43717" 0.435463833913652 0 3980.77614618874
"94081" 0.544814987145324 0 4970.70132738231
"114678" 0.32622771741509 0.002 2991.89236012913
"540432" 0.0572194596854913 0.826 556.636394319974
"590302" 0.261079851407893 0.019 2402.12708417527
"479832" 0.327825622620284 0.002 3006.35774575182
"806698" 0.125945055578903 0.395 1178.78985093041
"432120" 0.373275176704332 0 3417.79975374326
"124618" 0.394232683507277 0 3607.52215818207
"890934" 0.0339761609505971 0.935 346.22135952899
"23320" 0.73361109600183 0 6679.81930872142
"693311" 0.0831578022058061 0.667 791.448901188412
"167529" 0.351571767236072 0.001 3221.32490262881
"89008" 0.466907249341292 0 4265.42452706687
"781440" 0.012840271510842 0.99 154.884107337334
"891118" 0.145511344210782 0.29 1355.9179492337
"720284" 0.130532283213078 0.369 1220.31673027951
"457681" 0.314109671535134 0.003 2882.19110496255
"370476" 0.291216180687765 0.007 2674.94278242111
"91949" 0.470211261605417 0 4295.33481920892
"331588" 0.173607134221503 0.171 1610.26122038527
"578787" 0.372109792319413 0 3407.24985724644
"43600" 0.0903019357205038 0.621 856.12272908143
"465842" 0.229301501592911 0.046 2114.44663665424
"840277" 0.110833352686538 0.487 1041.98786227488
"195251" 0.492742843758603 0 4499.30688430746
"133764" 0.0440472887909845 0.893 437.392442389885
"177729" 0.138771763498489 0.324 1294.9064238806
"813352" 0.183888007831923 0.138 1703.33107260769
"626081" 0.276761629112665 0.011 2544.08979949246
"283275" 0.404445598255118 0 3699.97679796856
"99813" 0.503183502203907 0 4593.8232236217
"670197" 0.325790101628994 0.002 2987.93074771315
"509070" 0.289027986052158 0.008 2655.1336728953
"822059" 0.222189774475969 0.056 2050.0661747498
"684260" 0.0201671000394869 0.976 221.211821718423
"74995" 0.586073589467274 0 5344.20382984628
"355216" 0.0449057746693018 0.889 445.164073173192
"201162" 0.476081437969742 0 4348.47587194919
"879302" 0.0459207101281122 0.884 454.351997929999
"479286" 0.127975741970598 0.383 1197.17308270106
"134326" 0.298614910326064 0.005 2741.9213972902
"186453" 0.228153007349332 0.048 2104.04964184829
"822118" 0.0595055862602767 0.813 577.332054099449
"625026" 0.104761408399669 0.526 987.020261378697
"390644" 0.230697486454789 0.044 2127.0840942987
"474616" 0.24369876991266 0.031 2244.7810504114
"61649" 0.731378908352476 0 6659.61194283692
"321644" 0.312912319424731 0.003 2871.35181365364
"483107" 0.215386994395851 0.066 1988.48252332581
"109608" 0.345632741853277 0.001 3167.56057912212
"789336" 0.252630914439642 0.024 2325.64123823756
"68623" 0.534087227662373 0 4873.58594326321
"368199" 0.23974535667725 0.035 2208.99191424103
"740366" 0.0902971867751669 0.621 856.079738217281
"395953" 0.00802777971832133 0.996 111.317975029515
"832226" 0.134538211425021 0.347 1256.58126973667
"844600" 0.151758447219476 0.26 1412.47121268868
"452801" 0.208732188893037 0.078 1928.23844405923
"707236" 0.153702983057014 0.251 1430.07454776494
"780042" 0.0229380228961089 0.97 246.296205649003
"269935" 0.386848472472216 0 3540.67497613756
"450935" 0.204851576186669 0.086 1893.10835056717
"300755" 0.360950275663692 0 3306.22589708716
"613750" 0.0567032713824389 0.828 551.963487045311
"839818" 0.184563612061275 0.136 1709.4471273487
"389272" 0.317452976515025 0.003 2912.45710298995
"836418" 0.19736618242749 0.102 1825.34518982883
"724866" 0.333613365652649 0.001 3058.75255276293
"505743" 0.432247772436588 0 3951.66204774236
"61774" 0.126323020563654 0.393 1182.21146144805
"531709" 0.218612626617742 0.061 2017.68326302861
"391677" 0.254272637899596 0.023 2340.50329817507
"229364" 0.295740247407208 0.006 2715.89788380435
"589013" 0.297333837834681 0.006 2730.32420895999
"806701" 0.111154399257281 0.485 1044.89420642692
"750512" 0.258757252892644 0.02 2381.10125419452
"852142" 0.0986128824802372 0.566 931.359388539323
"848233" 0.0767257249229227 0.709 733.221117744558
"57232" 0.496090883578119 0 4529.61574550398
"41044" 0.242695350089248 0.032 2235.6973734574
"871464" 0.098957638921636 0.564 934.480371470306
"303818" 0.232901717178243 0.042 2147.03837400972
"757031" 0.135928665772283 0.339 1269.1686611905
"134711" 0.465677736474044 0 4254.29409348733
"650687" 0.254849865482317 0.022 2345.72877685113
"214367" 0.380020408440572 0 3478.862436224
"893056" 0.0355654629803155 0.929 360.60886302799
"841245" 0.0903903100356467 0.62 856.9227568575
"159626" 0.272580305209382 0.013 2506.23745225825
"458598" 0.311400666437016 0.003 2857.66724505476
"141149" 0.21885515936783 0.061 2019.87884368305
"634176" 0.0445845295292277 0.89 442.255931428937
"59606" 0.498809317158074 0 4554.22495880142
"68093" 0.693163452149948 0 6313.65818480443
"73452" 0.363324284143958 0 3327.71712699677
"737594" 0.165260238383747 0.202 1534.69912405246
"415986" 0.33490458339997 0.001 3070.44158323679
"858630" 0.242886472874407 0.032 2237.42755418378
"485908" 0.158669627786217 0.229 1475.0361831769
"363981" 0.188901624486257 0.124 1748.71793162382
"526652" 0.311387367933949 0.003 2857.54685745327
"362805" 0.160440083431249 0.222 1491.06361931642
"324506" 0.404154716475576 0 3697.34352717251
"39206" 0.443067278666132 0 4049.6079893093
"872318" 0.222402887629434 0.055 2051.99542808481
"112957" 0.216057274284392 0.065 1994.55037830955
"531947" 0.278053563050562 0.011 2555.78531343783
"210769" 0.0812356384270923 0.68 774.048094057501
"679967" 0.150801772866485 0.264 1403.81070930815
"716731" 0.0613879692093373 0.802 594.372736587512
"148837" 0.390158107661497 0 3570.63617103683
"827873" 0.2156928961747 0.066 1991.25176594379
"197025" 0.309231114798145 0.004 2838.02690532585
"386406" 0.240014309983902 0.034 2211.42667275021
"705869" 0.0774039601031853 0.704 739.360989742898
"10171" 0.578154063218682 0 5272.51058999543
"538744" 0.449137907701575 0 4104.56368360489
"238921" 0.384662774908346 0 3520.88847189865
"737073" 0.0963594392497197 0.581 910.959601867175
"343160" 0.270515983147998 0.014 2487.54972624654
"693081" 0.340757557589709 0.001 3123.42690953713
"709760" 0.185002312522423 0.135 1713.41855902231
"96097" 0.603318213801461 0 5500.31455537717
"748119" 0.329538040204195 0.002 3021.85977967587
"869694" 0.148913286491941 0.273 1386.71477422879
"24631" 0.583673767856413 0 5322.47892093809
"870963" 0.176402663030362 0.162 1635.56835506887
"383910" 0.143290760837192 0.301 1335.81563358826
"197547" 0.464519578404366 0 4243.80961478644
"692852" 0.232502906831778 0.042 2143.42805630553
"205096" 0.271132428466766 0.014 2493.13023203769
"678582" 0.273432581902654 0.013 2513.95287303874
"22118" 0.773463536015871 0 7040.59221998944
"500081" 0.119465404423959 0.434 1120.13139462643
"138100" 0.493383285519759 0 4505.10462313069
"48459" 0.766533489089512 0 6977.85645766307
"433334" 0.0445913183173165 0.89 442.317388414805
"6125" 0.797252739122875 0 7255.94917325594
"311133" 0.250544181128149 0.025 2306.75062949285
"606180" 0.292164932763645 0.007 2683.53156765901
"874533" 0.120058747226284 0.43 1125.50275984521
"383388" 0.367769703867347 0 3367.96025928303
"759209" 0.132527496126636 0.358 1238.37883064702
"309146" 0.191188591511025 0.118 1769.42119976019
"727842" 0.0564300875436837 0.83 549.49043072092
"447228" 0.321144184041277 0.002 2945.87256475016
"606256" 0.331810221248021 0.002 3042.42919449264
"696723" 0.233996340630807 0.041 2156.94769172238
"203445" 0.424981554842912 0 3885.88302707879
"892609" 0.0379700136085624 0.919 382.376582398205
"367179" 0.200457416260483 0.095 1853.32925878285
"298674" 0.387588632357367 0 3547.37543504236
"613016" 0.23174030130068 0.043 2136.5244032919
"385539" 0.29813863197085 0.006 2737.60978352894
"206245" 0.159295265251011 0.227 1480.69990287619
"742196" 0.23266656177142 0.042 2144.90957836534
"861014" 0.143014008823214 0.302 1333.31027557889
"547130" 0.082321278387478 0.673 783.876086746512
"285010" 0.501518295002513 0 4578.74857198933
"676427" 0.251411729685073 0.025 2314.60430215223
"643116" 0.304079484591286 0.004 2791.39064850318
"524960" 0.280806225554961 0.01 2580.70439154447
"573828" 0.370093648038948 0 3388.9982711116
"238978" 0.215987100671949 0.065 1993.91511636708
"170772" 0.380066055485703 0 3479.2756660628
"842958" 0.0942462615361849 0.595 891.829599401328
"859474" 0.007312611163697 0.997 104.843755598829
"763605" 0.270350611532191 0.014 2486.05266360108
"534581" 0.328348107453518 0.002 3011.08765374021
"825418" 0.343345475909008 0.001 3146.85460495172
"887921" 0.0513174297456659 0.857 503.206980135256
"227613" 0.333358382809191 0.001 3056.44426492094
"384020" 0.163621667965279 0.209 1519.86560771119
"579976" 0.256905486870545 0.021 2364.33773812012
"777952" 0.180911979550011 0.147 1676.38992704915
"279451" 0.206108611855383 0.083 1904.48794031399
"4262" 0.680158513142762 0 6195.9281360337
"628499" 0.0474647703326155 0.876 468.32993993193
"876263" 0.251711061562374 0.025 2317.31406930253
"126144" 0.463698797091671 0 4236.37931281267
"53300" 0.478731829475346 0 4372.46911951796
"169873" 0.454775329476193 0 4155.5976746217
"524338" 0.19504547599733 0.108 1804.3364883613
"805560" 0.211305339100732 0.073 1951.53244792029
"570071" 0.143192225391834 0.301 1334.92361996319
"330313" 0.160514259023927 0.221 1491.73511005842
"654580" 0.258976625377763 0.02 2383.08717149546
"428469" 0.0570342958716033 0.827 554.960158481608
"875720" 0.198289891666271 0.1 1833.70726931813
"608248" 0.432429246018964 0 3953.30487695456
"340842" 0.182920323485491 0.141 1694.57089885854
"54278" 0.322353839493051 0.002 2956.82323474211
"228556" 0.218216861465052 0.062 2014.1005126057
"396236" 0.232563698621657 0.042 2143.97838725159
"892431" 0.0648826399855963 0.782 626.009006523055
"791263" 0.0342726189333292 0.934 348.905110121456
"302623" 0.22621865413409 0.05 2086.53848718278
"746303" 0.189205888952689 0.123 1751.47235211379
"679881" 0.124384124263888 0.404 1164.65917951834
"465025" 0.346565333834964 0.001 3176.0030715803
"373317" 0.263046775118557 0.017 2419.93309035929
"865030" 0.166769248324312 0.196 1548.35976589016
"88711" 0.249906190494058 0.026 2300.97508003235
"810931" 0.195298513087967 0.107 1806.62716185121
"54658" 0.664551316499533 0 6054.64058205391
"771862" 0.108618137307641 0.501 1021.93414157299
"529133" 0.295039083168208 0.006 2709.55044149738
"499575" 0.349627653517276 0.001 3203.72538887459
"792564" 0.0449648726488148 0.888 445.699070531231
"362541" 0.0781025969286105 0.7 745.685552086857
"361543" 0.0742507055565079 0.724 710.815464741841
"283758" 0.143449722670575 0.3 1337.25467027936
"655254" 0.250045408652577 0.026 2302.23538279757
